10369
21
3011200
73827
0 1 1 1981 240 9 (D 0,1,1) (S 2,2,2) (S 9,9,9) (S 65,9,2) (S 55,2,3) (S 3,3,3) (S 4,4,4) (S 89,10,69) (D 0,1,1)
0 1 2 1989 520 10 (D 0,1,1) (S 64,2,1) (S 1,1,1) (S 8,8,8) (S 73,8,65) (S 87,65,66) (S 13,13,13) (S 56,9,55) (S 132,32,33) (D 0,1,1)
0 1 3 1979 230 8 (D 0,1,1) (S 5,5,5) (S 67,5,4) (S 69,5,11) (S 11,11,11) (S 14,14,14) (S 91,14,70) (D 0,1,1)
0 1 4 1969 294 10 (D 0,1,1) (S 81,11,63) (S 83,63,12) (S 12,12,12) (S 95,12,16) (S 16,16,16) (S 17,17,17) (S 97,17,68) (S 84,68,12) (D 0,1,1)
0 1 5 1954 336 11 (D 0,1,1) (S 79,5,11) (S 80,11,67) (S 77,67,10) (S 10,10,10) (S 78,10,67) (S 6,6,6) (S 70,6,7) (S 7,7,7) (S 82,7,12) (D 0,1,1)
0 1 6 1978 350 8 (D 0,1,1) (S 85,8,65) (S 98,65,71) (S 100,56,60) (S 24,24,24) (S 112,24,72) (S 31,31,31) (D 0,1,1)
0 1 7 1971 384 11 (D 0,1,1) (S 66,3,4) (S 68,5,6) (S 92,15,14) (S 15,15,15) (S 21,21,21) (S 120,21,25) (S 25,25,25) (S 117,25,58) (S 118,58,33) (D 0,1,1)
0 1 8 1978 480 8 (D 0,1,1) (S 76,9,10) (S 60,30,29) (S 29,29,29) (S 135,29,34) (S 34,34,34) (S 137,34,35) (D 0,1,1)
0 1 9 1975 450 10 (D 0,1,1) (S 101,13,57) (S 57,57,56) (S 59,60,59) (S 126,59,28) (S 28,28,28) (S 127,28,74) (S 149,74,41) (S 47,47,47) (D 0,1,1)
0 1 10 1980 366 9 (D 0,1,1) (S 58,20,58) (S 121,58,25) (S 122,25,26) (S 26,26,26) (S 22,22,22) (S 108,22,21) (S 20,20,20) (D 0,1,1)
0 1 11 1987 472 8 (D 0,1,1) (S 19,19,19) (S 18,18,18) (S 35,35,35) (S 36,36,36) (S 37,37,37) (S 156,37,45) (D 0,1,1)
0 1 12 1970 502 10 (D 0,1,1) (S 96,16,22) (S 109,22,23) (S 23,23,23) (S 27,27,27) (S 124,27,26) (S 40,40,40) (S 144,39,38) (S 142,38,37) (D 0,1,1)
0 1 13 1957 459 11 (D 0,1,1) (S 75,55,66) (S 86,66,65) (S 88,13,69) (S 90,69,70) (S 102,70,19) (S 115,19,73) (S 32,32,32) (S 141,32,37) (S 140,37,36) (D 0,1,1)
0 1 14 1975 534 8 (D 0,1,1) (S 42,42,42) (S 41,41,41) (S 150,41,47) (S 48,48,48) (S 162,48,49) (S 49,49,49) (D 0,1,1)
0 1 15 1967 504 9 (D 0,1,1) (S 43,43,43) (S 153,43,49) (S 50,50,50) (S 44,44,44) (S 154,44,36) (S 139,36,31) (S 130,31,36) (D 0,1,1)
0 1 16 1970 447 9 (D 0,1,1) (S 107,21,20) (S 106,20,25) (S 133,25,75) (S 134,75,33) (S 33,33,33) (S 143,33,38) (S 145,38,61) (D 0,1,1)
0 1 17 1970 548 11 (D 0,1,1) (S 38,38,38) (S 159,61,45) (S 45,45,45) (S 51,51,51) (S 52,52,52) (S 167,52,53) (S 53,53,53) (S 168,53,46) (S 146,39,75) (D 0,1,1)
0 1 18 1944 650 12 (D 0,1,1) (S 74,55,8) (S 63,62,1) (S 30,30,30) (S 128,30,35) (S 136,35,34) (S 138,35,43) (S 152,42,48) (S 161,48,42) (S 151,42,34) (S 129,30,31) (D 0,1,1)
0 1 19 1970 722 14 (D 0,1,1) (S 72,7,64) (S 94,15,21) (S 116,58,73) (S 131,73,32) (S 61,32,31) (S 46,46,46) (S 62,46,61) (S 166,61,52) (S 165,52,51) (S 158,51,45) (S 157,45,44) (S 164,44,50) (D 0,1,1)
0 1 20 1950 1695 21 (D 0,1,1) (S 113,18,72) (S 114,72,73) (S 111,18,24) (S 54,54,54) (S 125,40,27) (S 110,27,23) (S 123,22,26) (S 39,39,39) (S 148,39,40) (S 147,40,27) (S 163,49,50) (S 155,44,49) (S 160,48,47) (S 104,20,14) (S 93,15,16) (S 71,63,6) (S 105,20,19) (S 103,70,20) (S 119,20,25) (D 0,1,1)
0 1 21 46 186 3 (D 0,1,1) (S 99,66,56) (D 0,1,1)
