573
8
1023300
7244
0 1 1 40 57 9 (D 0,1,1) (S 2,2,2) (S 18,2,17) (S 1,1,1) (S 21,1,20) (S 24,20,2) (S 27,2,21) (S 36,23,8) (D 0,1,1)
0 1 2 40 38 4 (D 0,1,1) (S 12,12,12) (S 13,13,13) (D 0,1,1)
0 1 3 40 71 6 (D 0,1,1) (S 5,5,5) (S 23,5,19) (S 20,19,17) (S 39,13,15) (D 0,1,1)
0 1 4 40 59 5 (D 0,1,1) (S 22,21,5) (S 9,9,9) (S 10,10,10) (D 0,1,1)
0 1 5 40 81 7 (D 0,1,1) (S 6,6,6) (S 25,6,18) (S 8,8,8) (S 19,8,18) (S 29,10,24) (D 0,1,1)
0 1 6 40 76 8 (D 0,1,1) (S 37,21,12) (S 17,12,14) (S 14,14,14) (S 15,15,15) (S 30,15,13) (S 33,15,16) (D 0,1,1)
0 1 7 39 92 8 (D 0,1,1) (S 16,16,16) (S 32,16,23) (S 35,8,9) (S 38,10,24) (S 4,4,4) (S 7,7,7) (D 0,1,1)
0 1 8 31 99 9 (D 0,1,1) (S 28,5,18) (S 26,18,19) (S 34,19,18) (S 3,3,3) (S 40,22,4) (S 11,11,11) (S 31,11,7) (D 0,1,1)
