747
9
819700
30165
0 1 1 65 44 9 (D 0,1,1) (S 2,2,2) (S 3,3,3) (S 35,3,2) (S 43,2,21) (S 22,21,19) (S 5,5,5) (S 47,5,25) (D 0,1,1)
0 1 2 65 63 8 (D 0,1,1) (S 4,4,4) (S 75,4,17) (S 17,17,18) (S 48,18,25) (S 10,10,10) (S 14,14,14) (D 0,1,1)
0 1 3 65 53 9 (D 0,1,1) (S 6,6,6) (S 7,7,7) (S 25,7,23) (S 1,1,1) (S 36,1,19) (S 18,19,5) (S 49,4,3) (D 0,1,1)
0 1 4 65 92 11 (D 0,1,1) (S 34,4,5) (S 64,5,26) (S 54,26,27) (S 37,27,24) (S 33,24,26) (S 38,26,6) (S 45,6,7) (S 71,7,6) (S 76,28,16) (D 0,1,1)
0 1 5 63 87 10 (D 0,1,1) (S 24,21,5) (S 53,5,25) (S 30,25,26) (S 28,7,24) (S 60,27,30) (S 58,30,14) (S 16,16,16) (S 77,16,28) (D 0,1,1)
0 1 6 65 57 12 (D 0,1,1) (S 9,9,9) (S 61,9,11) (S 11,11,11) (S 21,11,20) (S 26,20,15) (S 15,15,15) (S 27,15,12) (S 12,12,12) (S 13,13,13) (S 31,13,10) (D 0,1,1)
0 1 7 64 80 9 (D 0,1,1) (S 20,8,11) (S 23,20,22) (S 32,22,15) (S 73,20,12) (S 19,12,9) (S 29,9,10) (S 56,10,25) (D 0,1,1)
0 1 8 64 129 13 (D 0,1,1) (S 8,8,8) (S 69,8,17) (S 46,17,9) (S 44,9,18) (S 41,18,5) (S 52,5,18) (S 66,18,9) (S 40,13,30) (S 57,16,29) (S 42,29,28) (S 62,16,29) (D 0,1,1)
0 1 9 50 142 15 (D 0,1,1) (S 72,1,6) (S 51,1,23) (S 67,23,1) (S 65,25,10) (S 55,13,29) (S 68,29,13) (S 78,13,12) (S 39,12,29) (S 70,29,15) (S 74,12,29) (S 63,13,12) (S 59,12,11) (S 50,8,17) (D 0,1,1)
