631
8
765100
14020
0 1 1 40 50 8 (D 0,1,1) (S 2,2,2) (S 3,3,3) (S 16,3,1) (S 1,1,1) (S 15,3,2) (S 45,12,13) (D 0,1,1)
0 1 2 39 43 7 (D 0,1,1) (S 6,6,6) (S 19,6,7) (S 7,7,7) (S 12,12,12) (S 26,23,21) (D 0,1,1)
0 1 3 39 46 6 (D 0,1,1) (S 4,4,4) (S 8,8,8) (S 23,8,21) (S 36,8,15) (D 0,1,1)
0 1 4 40 56 7 (D 0,1,1) (S 29,2,6) (S 30,6,16) (S 20,16,17) (S 33,16,12) (S 13,13,13) (D 0,1,1)
0 1 5 40 80 8 (D 0,1,1) (S 41,2,22) (S 11,11,11) (S 9,9,9) (S 22,11,20) (S 32,20,15) (S 27,21,23) (D 0,1,1)
0 1 6 40 108 8 (D 0,1,1) (S 35,7,12) (S 43,13,14) (S 14,14,14) (S 25,14,13) (S 31,13,17) (S 24,23,14) (D 0,1,1)
0 1 7 40 82 8 (D 0,1,1) (S 37,15,18) (S 21,18,19) (S 5,5,5) (S 18,5,10) (S 10,10,10) (S 39,10,24) (D 0,1,1)
0 1 8 32 166 9 (D 0,1,1) (S 38,7,8) (S 42,8,4) (S 28,21,20) (S 17,9,15) (S 34,21,20) (S 44,13,17) (S 40,5,19) (D 0,1,1)
