739
10
2356000
53497
0 1 1 75 50 7 (D 0,1,1) (S 2,2,2) (S 1,1,1) (S 24,24,24) (S 29,29,29) (S 36,36,36) (D 0,1,1)
0 1 2 75 36 12 (D 0,1,1) (S 7,7,7) (S 48,7,12) (S 12,12,12) (S 20,20,20) (S 11,11,11) (S 50,11,12) (S 13,13,13) (S 21,21,21) (S 53,21,22) (S 27,27,27) (D 0,1,1)
0 1 3 75 49 9 (D 0,1,1) (S 67,2,1) (S 17,17,17) (S 9,9,9) (S 10,10,10) (S 4,4,4) (S 8,8,8) (S 26,26,26) (D 0,1,1)
0 1 4 75 49 12 (D 0,1,1) (S 39,39,39) (S 41,41,41) (S 33,33,33) (S 28,28,28) (S 101,28,25) (S 25,25,25) (S 22,22,22) (S 87,21,13) (S 62,13,12) (S 19,19,19) (D 0,1,1)
0 1 5 75 47 11 (D 0,1,1) (S 55,2,7) (S 6,6,6) (S 23,23,23) (S 92,23,16) (S 16,16,16) (S 15,15,15) (S 63,16,8) (S 96,8,4) (S 5,5,5) (D 0,1,1)
0 1 6 75 104 17 (D 0,1,1) (S 3,3,3) (S 14,14,14) (S 109,14,48) (S 95,48,14) (S 45,45,45) (S 44,44,44) (S 37,37,37) (S 72,37,44) (S 43,43,43) (S 65,43,44) (S 77,37,38) (S 38,38,38) (S 40,40,40) (S 32,32,32) (S 98,38,40) (D 0,1,1)
0 1 7 75 67 16 (D 0,1,1) (S 47,11,10) (S 107,10,9) (S 18,18,18) (S 59,18,24) (S 49,24,31) (S 31,31,31) (S 66,31,32) (S 70,32,33) (S 82,33,27) (S 91,27,20) (S 110,20,27) (S 54,39,34) (S 34,34,34) (S 84,39,33) (D 0,1,1)
0 1 8 75 117 19 (D 0,1,1) (S 86,7,13) (S 69,13,7) (S 85,7,6) (S 74,6,49) (S 88,49,6) (S 93,6,7) (S 80,28,34) (S 108,34,25) (S 56,40,46) (S 46,46,46) (S 104,46,41) (S 83,41,39) (S 64,40,45) (S 61,36,30) (S 30,30,30) (S 68,30,26) (S 90,15,47) (D 0,1,1)
0 1 9 75 139 16 (D 0,1,1) (S 57,5,4) (S 60,47,29) (S 35,35,35) (S 52,29,42) (S 42,42,42) (S 58,29,30) (S 51,36,37) (S 75,37,31) (S 97,44,45) (S 99,37,44) (S 106,18,19) (S 81,19,27) (S 71,20,21) (S 94,10,49) (D 0,1,1)
0 1 10 29 81 11 (D 0,1,1) (S 89,49,5) (S 79,5,50) (S 100,50,5) (S 103,5,10) (S 105,10,5) (S 73,5,49) (S 102,49,10) (S 76,39,46) (S 78,26,23) (D 0,1,1)
