758
7
494600
3234
0 1 1 35 82 6 (D 0,1,1) (S 2,2,2) (S 1,1,1) (S 9,1,10) (S 16,11,8) (D 0,1,1)
0 1 2 35 139 6 (D 0,1,1) (S 18,11,7) (S 7,7,8) (S 21,10,6) (S 11,12,5) (D 0,1,1)
0 1 3 35 105 6 (D 0,1,1) (S 19,11,13) (S 15,13,1) (S 8,1,9) (S 14,10,13) (D 0,1,1)
0 1 4 34 139 6 (D 0,1,1) (S 4,4,4) (S 10,4,8) (S 12,4,7) (S 20,9,3) (D 0,1,1)
0 1 5 34 108 5 (D 0,1,1) (S 22,10,4) (S 5,5,5) (S 17,6,9) (D 0,1,1)
0 1 6 23 86 4 (D 0,1,1) (S 6,6,6) (S 3,3,3) (D 0,1,1)
0 1 7 16 99 3 (D 0,1,1) (S 13,7,5) (D 0,1,1)
