708
10
1987600
34594
0 1 1 70 38 9 (D 0,1,1) (S 2,2,2) (S 5,5,5) (S 4,4,4) (S 9,9,9) (S 10,10,10) (S 52,16,19) (S 21,21,21) (D 0,1,1)
0 1 2 70 43 10 (D 0,1,1) (S 3,3,3) (S 11,11,11) (S 16,16,16) (S 51,16,46) (S 67,46,48) (S 26,26,26) (S 48,26,44) (S 25,25,25) (D 0,1,1)
0 1 3 70 49 9 (D 0,1,1) (S 1,1,1) (S 31,31,31) (S 30,30,30) (S 29,29,29) (S 24,24,24) (S 55,24,30) (S 62,30,50) (D 0,1,1)
0 1 4 70 48 13 (D 0,1,1) (S 53,2,5) (S 102,5,4) (S 40,4,9) (S 8,8,8) (S 13,13,13) (S 42,13,8) (S 12,12,12) (S 17,17,17) (S 43,17,41) (S 20,20,20) (S 27,27,27) (D 0,1,1)
0 1 5 70 64 11 (D 0,1,1) (S 35,35,35) (S 34,34,34) (S 92,34,50) (S 23,23,23) (S 19,19,19) (S 14,14,14) (S 22,22,22) (S 61,21,28) (S 71,29,30) (D 0,1,1)
0 1 6 70 72 12 (D 0,1,1) (S 7,7,7) (S 101,7,12) (S 56,12,17) (S 18,18,18) (S 74,18,12) (S 54,27,32) (S 32,32,32) (S 47,39,43) (S 77,43,28) (S 97,23,19) (D 0,1,1)
0 1 7 70 79 16 (D 0,1,1) (S 57,47,14) (S 87,14,45) (S 49,45,22) (S 66,22,21) (S 28,28,28) (S 73,28,33) (S 33,33,33) (S 39,33,39) (S 91,33,28) (S 45,29,22) (S 44,22,23) (S 59,23,50) (S 36,36,36) (S 63,24,31) (D 0,1,1)
0 1 8 70 92 15 (D 0,1,1) (S 6,6,6) (S 75,48,26) (S 88,44,49) (S 58,49,31) (S 81,31,49) (S 96,26,25) (S 93,25,31) (S 15,15,15) (S 78,15,47) (S 89,47,15) (S 79,15,14) (S 72,45,19) (S 82,45,23) (D 0,1,1)
0 1 9 69 131 20 (D 0,1,1) (S 94,2,1) (S 86,9,16) (S 90,14,15) (S 46,21,42) (S 50,42,43) (S 103,43,27) (S 60,27,20) (S 83,20,42) (S 65,18,13) (S 95,13,18) (S 69,8,47) (S 76,5,10) (S 70,10,11) (S 41,35,40) (S 38,38,38) (S 85,38,40) (S 99,40,38) (S 37,37,37) (D 0,1,1)
0 1 10 25 92 8 (D 0,1,1) (S 64,33,37) (S 100,37,38) (S 80,35,36) (S 68,37,33) (S 98,20,41) (S 84,45,23) (D 0,1,1)
