10646
18
11519200
38883
0 1 1 150 478 8 (D 0,1,1) (S 2,2,2) (S 6,6,6) (S 11,11,11) (S 20,20,20) (S 71,57,58) (S 94,75,76) (D 0,1,1)
0 1 2 149 394 13 (D 0,1,1) (S 68,2,6) (S 69,6,56) (S 114,56,57) (S 70,57,20) (S 36,36,36) (S 73,36,59) (S 22,22,22) (S 72,22,59) (S 74,36,60) (S 80,65,66) (S 78,64,62) (D 0,1,1)
0 1 3 150 275 8 (D 0,1,1) (S 24,24,24) (S 57,24,51) (S 65,51,55) (S 64,55,54) (S 33,33,33) (S 66,33,18) (D 0,1,1)
0 1 4 150 351 7 (D 0,1,1) (S 115,15,47) (S 19,19,19) (S 39,39,39) (S 21,21,21) (S 50,21,46) (D 0,1,1)
0 1 5 149 429 7 (D 0,1,1) (S 44,15,41) (S 32,32,32) (S 41,32,5) (S 5,5,5) (S 52,47,48) (D 0,1,1)
0 1 6 149 554 8 (D 0,1,1) (S 10,10,10) (S 1,1,1) (S 58,1,10) (S 62,10,33) (S 18,18,18) (S 91,71,72) (D 0,1,1)
0 1 7 148 765 4 (D 0,1,1) (S 100,82,83) (S 30,30,30) (D 0,1,1)
0 1 8 150 582 9 (D 0,1,1) (S 82,54,67) (S 81,67,66) (S 40,40,40) (S 76,62,61) (S 95,77,78) (S 96,78,79) (S 102,84,85) (D 0,1,1)
0 1 9 150 359 9 (D 0,1,1) (S 14,14,14) (S 31,31,31) (S 34,34,34) (S 28,28,28) (S 43,42,41) (S 42,41,32) (S 67,50,24) (D 0,1,1)
0 1 10 150 441 8 (D 0,1,1) (S 7,7,7) (S 48,7,45) (S 49,7,46) (S 51,21,47) (S 55,19,49) (S 15,15,15) (D 0,1,1)
0 1 11 150 710 9 (D 0,1,1) (S 56,50,15) (S 45,15,43) (S 46,43,14) (S 47,14,44) (S 37,37,37) (S 35,35,35) (S 53,39,48) (D 0,1,1)
0 1 12 150 424 9 (D 0,1,1) (S 63,54,33) (S 16,16,16) (S 83,18,68) (S 84,68,37) (S 13,13,13) (S 9,9,9) (S 26,26,26) (D 0,1,1)
0 1 13 150 621 8 (D 0,1,1) (S 75,22,61) (S 111,38,30) (S 12,12,12) (S 105,12,86) (S 103,86,84) (S 79,64,65) (D 0,1,1)
0 1 14 149 707 8 (D 0,1,1) (S 25,25,25) (S 23,23,23) (S 8,8,8) (S 98,81,80) (S 97,80,79) (S 99,81,82) (D 0,1,1)
0 1 15 150 1074 9 (D 0,1,1) (S 59,1,4) (S 4,4,4) (S 60,4,52) (S 61,52,53) (S 27,27,27) (S 17,17,17) (S 54,48,19) (D 0,1,1)
0 1 16 149 920 9 (D 0,1,1) (S 113,92,93) (S 29,29,29) (S 112,29,92) (S 3,3,3) (S 110,91,89) (S 108,89,88) (S 101,81,84) (D 0,1,1)
0 1 17 143 891 12 (D 0,1,1) (S 90,70,71) (S 89,70,26) (S 88,26,9) (S 87,9,13) (S 86,13,69) (S 85,69,37) (S 38,38,38) (S 109,89,90) (S 107,88,87) (S 106,30,12) (D 0,1,1)
0 1 18 47 671 6 (D 0,1,1) (S 93,74,75) (S 92,74,73) (S 104,81,86) (S 77,63,62) (D 0,1,1)
