688
10
1036500
62537
0 1 1 75 26 8 (D 0,1,1) (S 2,2,2) (S 51,7,42) (S 68,42,17) (S 17,17,17) (S 19,19,19) (S 23,23,23) (D 0,1,1)
0 1 2 75 43 11 (D 0,1,1) (S 14,14,14) (S 8,8,8) (S 9,9,9) (S 10,10,10) (S 11,11,11) (S 6,6,6) (S 47,6,11) (S 52,11,44) (S 27,27,27) (D 0,1,1)
0 1 3 75 56 10 (D 0,1,1) (S 7,7,7) (S 18,18,18) (S 22,22,22) (S 112,22,46) (S 16,16,16) (S 59,45,46) (S 21,21,21) (S 109,24,28) (D 0,1,1)
0 1 4 75 52 15 (D 0,1,1) (S 1,1,1) (S 4,4,4) (S 5,5,5) (S 110,5,4) (S 111,4,5) (S 37,10,9) (S 107,8,3) (S 3,3,3) (S 82,3,49) (S 100,49,3) (S 81,3,9) (S 49,9,40) (S 39,40,18) (D 0,1,1)
0 1 5 75 51 17 (D 0,1,1) (S 61,2,7) (S 41,42,14) (S 45,14,40) (S 34,34,34) (S 33,33,33) (S 26,26,26) (S 88,26,33) (S 44,33,32) (S 32,32,32) (S 56,41,43) (S 90,43,20) (S 20,20,20) (S 86,20,17) (S 67,17,47) (S 87,7,8) (D 0,1,1)
0 1 6 75 58 14 (D 0,1,1) (S 43,17,43) (S 70,43,38) (S 38,38,39) (S 29,29,29) (S 72,29,27) (S 106,27,28) (S 28,28,28) (S 30,30,30) (S 46,28,25) (S 25,25,25) (S 99,25,24) (S 92,26,33) (D 0,1,1)
0 1 7 75 93 13 (D 0,1,1) (S 64,47,19) (S 78,19,17) (S 60,47,42) (S 40,41,23) (S 53,23,43) (S 48,18,21) (S 96,21,24) (S 24,24,24) (S 42,39,18) (S 65,19,50) (S 31,31,31) (D 0,1,1)
0 1 8 75 112 16 (D 0,1,1) (S 69,49,1) (S 12,12,12) (S 104,44,15) (S 15,15,15) (S 102,15,40) (S 105,40,15) (S 74,21,44) (S 95,44,21) (S 71,21,22) (S 84,27,26) (S 50,26,41) (S 103,41,32) (S 98,26,38) (S 55,29,35) (D 0,1,1)
0 1 9 75 122 16 (D 0,1,1) (S 57,12,13) (S 13,13,13) (S 58,13,45) (S 63,46,25) (S 91,25,46) (S 36,36,37) (S 94,37,48) (S 89,48,13) (S 93,12,6) (S 54,6,36) (S 62,6,5) (S 75,4,3) (S 85,3,9) (S 97,17,20) (D 0,1,1)
0 1 10 29 75 12 (D 0,1,1) (S 80,7,8) (S 66,44,16) (S 77,16,44) (S 108,30,35) (S 35,35,35) (S 83,35,28) (S 73,39,27) (S 79,27,39) (S 101,26,34) (S 76,41,32) (D 0,1,1)
