492
9
415600
17485
0 1 1 45 37 8 (D 0,1,1) (S 2,2,2) (S 5,5,5) (S 47,5,14) (S 39,14,24) (S 35,16,9) (S 30,3,22) (D 0,1,1)
0 1 2 45 73 8 (D 0,1,1) (S 24,2,22) (S 3,3,3) (S 1,1,1) (S 32,1,22) (S 40,5,24) (S 7,7,7) (D 0,1,1)
0 1 3 45 51 7 (D 0,1,1) (S 27,24,16) (S 41,16,21) (S 22,21,19) (S 21,19,20) (S 28,1,23) (D 0,1,1)
0 1 4 44 45 7 (D 0,1,1) (S 45,24,12) (S 12,12,12) (S 37,20,21) (S 9,9,9) (S 14,14,3) (D 0,1,1)
0 1 5 45 41 7 (D 0,1,1) (S 18,18,17) (S 20,17,6) (S 6,6,6) (S 17,6,10) (S 10,10,10) (D 0,1,1)
0 1 6 44 79 8 (D 0,1,1) (S 16,14,16) (S 50,21,20) (S 46,21,9) (S 43,3,17) (S 26,17,13) (S 11,11,11) (D 0,1,1)
0 1 7 44 50 8 (D 0,1,1) (S 25,3,17) (S 42,17,13) (S 19,13,4) (S 4,4,4) (S 8,8,8) (S 15,8,15) (D 0,1,1)
0 1 8 44 99 13 (D 0,1,1) (S 51,23,1) (S 34,14,18) (S 38,18,14) (S 23,7,8) (S 13,7,13) (S 33,11,6) (S 29,6,11) (S 31,11,10) (S 36,10,11) (S 44,11,7) (S 49,11,15) (D 0,1,1)
0 1 9 2 17 3 (D 0,1,1) (S 48,22,3) (D 0,1,1)
