819
9
1029200
26189
0 1 1 65 55 8 (D 0,1,1) (S 2,2,2) (S 1,1,1) (S 7,7,7) (S 10,10,10) (S 32,10,24) (S 4,4,4) (D 0,1,1)
0 1 2 64 50 7 (D 0,1,1) (S 6,6,6) (S 30,6,27) (S 34,27,29) (S 57,27,3) (S 46,3,5) (D 0,1,1)
0 1 3 65 57 9 (D 0,1,1) (S 25,2,24) (S 43,24,7) (S 62,7,24) (S 36,24,25) (S 13,13,13) (S 12,12,12) (S 16,16,16) (D 0,1,1)
0 1 4 64 80 10 (D 0,1,1) (S 11,11,11) (S 49,11,14) (S 14,14,14) (S 18,18,18) (S 21,21,21) (S 15,15,15) (S 28,15,21) (S 35,18,14) (D 0,1,1)
0 1 5 65 100 10 (D 0,1,1) (S 27,10,25) (S 37,13,12) (S 26,12,11) (S 40,11,28) (S 65,28,4) (S 3,3,3) (S 69,5,4) (S 19,19,19) (D 0,1,1)
0 1 6 65 87 10 (D 0,1,1) (S 38,10,9) (S 9,9,9) (S 52,9,26) (S 29,26,8) (S 8,8,8) (S 51,8,5) (S 5,5,5) (S 31,28,14) (D 0,1,1)
0 1 7 65 107 12 (D 0,1,1) (S 48,13,30) (S 23,23,23) (S 17,17,17) (S 64,17,13) (S 47,10,7) (S 72,7,10) (S 44,9,6) (S 59,6,9) (S 42,9,12) (S 66,16,22) (D 0,1,1)
0 1 8 63 137 13 (D 0,1,1) (S 20,20,20) (S 33,20,18) (S 45,11,28) (S 63,28,8) (S 41,8,28) (S 53,11,26) (S 60,26,6) (S 24,12,16) (S 22,22,22) (S 70,22,19) (S 39,23,30) (D 0,1,1)
0 1 9 50 146 11 (D 0,1,1) (S 67,30,17) (S 50,23,22) (S 54,22,23) (S 68,16,22) (S 56,22,21) (S 55,14,15) (S 61,15,16) (S 71,22,15) (S 58,15,14) (D 0,1,1)
