391
10
458400
11169
0 1 1 27 7 6 (D 0,1,1) (S 2,2,2) (S 5,5,5) (S 3,3,3) (S 28,3,22) (D 0,1,1)
0 1 2 27 16 6 (D 0,1,1) (S 11,12,1) (S 1,1,1) (S 33,2,22) (S 19,21,10) (D 0,1,1)
0 1 3 27 37 8 (D 0,1,1) (S 20,2,12) (S 22,2,3) (S 39,3,23) (S 21,23,22) (S 36,3,11) (S 29,2,21) (D 0,1,1)
0 1 4 27 26 6 (D 0,1,1) (S 6,6,6) (S 44,6,27) (S 34,27,16) (S 14,6,14) (D 0,1,1)
0 1 5 27 39 6 (D 0,1,1) (S 42,10,18) (S 27,18,15) (S 47,15,14) (S 13,6,13) (D 0,1,1)
0 1 6 27 56 7 (D 0,1,1) (S 8,8,8) (S 35,8,26) (S 9,9,9) (S 46,9,17) (S 7,7,7) (D 0,1,1)
0 1 7 27 34 7 (D 0,1,1) (S 10,10,11) (S 12,11,4) (S 4,4,4) (S 37,4,23) (S 40,12,21) (D 0,1,1)
0 1 8 27 60 7 (D 0,1,1) (S 23,24,20) (S 41,17,27) (S 32,16,13) (S 15,13,15) (S 31,10,24) (D 0,1,1)
0 1 9 26 60 8 (D 0,1,1) (S 24,19,25) (S 17,2,11) (S 45,3,4) (S 26,20,10) (S 30,10,15) (S 43,14,12) (D 0,1,1)
0 1 10 16 56 6 (D 0,1,1) (S 16,16,8) (S 38,26,17) (S 18,17,16) (S 25,16,26) (D 0,1,1)
