13004
26
1913000
91844
0 1 1 1576 293 8 (D 0,1,1) (S 2,2,2) (S 1,1,1) (S 43,1,41) (S 42,41,40) (S 8,8,8) (S 96,14,13) (D 0,1,1)
0 1 2 1570 363 9 (D 0,1,1) (S 46,2,1) (S 4,4,4) (S 49,4,3) (S 3,3,3) (S 51,3,4) (S 67,3,44) (S 129,19,20) (D 0,1,1)
0 1 3 1568 345 9 (D 0,1,1) (S 48,2,9) (S 9,9,9) (S 63,9,43) (S 62,43,42) (S 15,15,15) (S 101,15,14) (S 144,60,23) (D 0,1,1)
0 1 4 1571 294 8 (D 0,1,1) (S 64,2,9) (S 68,9,44) (S 82,44,47) (S 86,47,53) (S 127,53,19) (S 153,65,62) (D 0,1,1)
0 1 5 1571 254 9 (D 0,1,1) (S 47,2,3) (S 50,3,44) (S 88,46,48) (S 108,48,54) (S 109,54,20) (S 20,20,20) (S 70,46,44) (D 0,1,1)
0 1 6 1578 324 8 (D 0,1,1) (S 83,11,47) (S 85,47,52) (S 19,19,19) (S 128,19,61) (S 125,61,52) (S 60,45,42) (D 0,1,1)
0 1 7 1566 359 8 (D 0,1,1) (S 24,24,24) (S 147,24,64) (S 159,64,26) (S 26,26,26) (S 164,26,27) (S 165,27,28) (D 0,1,1)
0 1 8 1576 366 8 (D 0,1,1) (S 44,41,42) (S 7,7,7) (S 56,7,10) (S 10,10,10) (S 13,13,13) (S 136,57,59) (D 0,1,1)
0 1 9 1567 436 9 (D 0,1,1) (S 84,47,48) (S 89,48,47) (S 107,47,54) (S 106,54,53) (S 105,53,52) (S 25,25,25) (S 179,68,67) (D 0,1,1)
0 1 10 1560 410 8 (D 0,1,1) (S 71,47,46) (S 69,46,44) (S 87,47,54) (S 154,20,62) (S 28,28,28) (S 166,28,36) (D 0,1,1)
0 1 11 1572 584 9 (D 0,1,1) (S 23,23,23) (S 141,23,22) (S 22,22,22) (S 18,18,18) (S 121,18,14) (S 58,8,7) (S 178,64,67) (D 0,1,1)
0 1 12 1570 362 9 (D 0,1,1) (S 78,45,15) (S 104,15,51) (S 102,15,45) (S 74,45,49) (S 75,49,14) (S 11,11,11) (S 65,9,44) (D 0,1,1)
0 1 13 1558 391 8 (D 0,1,1) (S 45,1,43) (S 99,49,14) (S 14,14,14) (S 100,14,13) (S 73,13,10) (S 143,18,23) (D 0,1,1)
0 1 14 1576 453 9 (D 0,1,1) (S 152,25,65) (S 183,27,35) (S 35,35,35) (S 185,35,36) (S 36,36,36) (S 177,67,34) (S 157,34,66) (D 0,1,1)
0 1 15 1561 372 7 (D 0,1,1) (S 40,39,38) (S 39,38,6) (S 6,6,6) (S 55,6,5) (S 5,5,5) (D 0,1,1)
0 1 16 1578 671 8 (D 0,1,1) (S 33,33,33) (S 176,33,34) (S 34,34,34) (S 175,34,66) (S 158,66,64) (S 170,31,30) (D 0,1,1)
0 1 17 1567 448 10 (D 0,1,1) (S 61,1,43) (S 145,23,24) (S 162,64,26) (S 180,26,68) (S 161,26,25) (S 148,25,61) (S 126,61,19) (S 151,19,65) (D 0,1,1)
0 1 18 1570 560 9 (D 0,1,1) (S 37,37,5) (S 53,5,6) (S 93,6,12) (S 12,12,12) (S 17,17,17) (S 118,17,16) (S 111,16,56) (D 0,1,1)
0 1 19 1569 476 8 (D 0,1,1) (S 57,40,8) (S 94,13,12) (S 113,12,16) (S 16,16,16) (S 115,16,17) (S 138,59,22) (D 0,1,1)
0 1 20 1575 515 9 (D 0,1,1) (S 130,20,62) (S 103,25,15) (S 122,60,18) (S 139,18,22) (S 140,22,59) (S 120,59,57) (S 98,13,18) (D 0,1,1)
0 1 21 1576 519 9 (D 0,1,1) (S 142,22,33) (S 173,33,32) (S 32,32,32) (S 171,32,31) (S 31,31,31) (S 135,31,21) (S 21,21,21) (D 0,1,1)
0 1 22 1539 715 11 (D 0,1,1) (S 66,9,11) (S 124,23,18) (S 123,18,22) (S 155,23,66) (S 146,23,24) (S 119,18,57) (S 97,57,13) (S 92,55,56) (S 112,56,58) (D 0,1,1)
0 1 23 1578 741 8 (D 0,1,1) (S 30,30,30) (S 29,29,29) (S 167,29,30) (S 169,30,29) (S 131,58,56) (S 174,32,33) (D 0,1,1)
0 1 24 1571 593 8 (D 0,1,1) (S 91,12,55) (S 114,56,16) (S 116,16,58) (S 132,58,63) (S 133,63,21) (S 156,66,64) (D 0,1,1)
0 1 25 1578 1005 12 (D 0,1,1) (S 137,59,21) (S 117,17,12) (S 95,12,17) (S 110,56,55) (S 52,5,37) (S 54,38,6) (S 168,63,30) (S 134,63,21) (S 172,31,32) (S 181,67,68) (D 0,1,1)
0 1 26 1159 1155 19 (D 0,1,1) (S 81,9,47) (S 72,48,46) (S 79,50,51) (S 77,50,45) (S 76,45,42) (S 59,42,8) (S 41,8,40) (S 160,64,67) (S 163,68,26) (S 27,27,27) (S 184,35,68) (S 182,68,35) (S 150,26,25) (S 149,25,65) (S 80,52,11) (S 90,55,5) (S 38,37,38) (D 0,1,1)
