5466
11
862400
28656
0 1 1 1942 218 8 (D 0,1,1) (S 2,2,2) (S 3,3,3) (S 43,3,2) (S 19,19,19) (S 12,12,12) (S 20,20,20) (D 0,1,1)
0 1 2 1941 265 8 (D 0,1,1) (S 4,4,4) (S 5,5,5) (S 7,7,7) (S 14,14,14) (S 13,13,13) (S 54,20,19) (D 0,1,1)
0 1 3 1931 417 7 (D 0,1,1) (S 11,11,11) (S 27,27,27) (S 26,26,26) (S 17,17,17) (S 25,25,25) (D 0,1,1)
0 1 4 1935 432 10 (D 0,1,1) (S 45,3,4) (S 44,4,3) (S 29,29,29) (S 30,30,30) (S 55,30,21) (S 21,21,21) (S 64,21,30) (S 16,16,16) (D 0,1,1)
0 1 5 1937 430 9 (D 0,1,1) (S 1,1,1) (S 10,10,10) (S 18,18,18) (S 49,17,9) (S 9,9,9) (S 60,25,26) (S 62,27,28) (D 0,1,1)
0 1 6 1909 328 8 (D 0,1,1) (S 51,12,13) (S 15,15,15) (S 52,15,16) (S 24,24,24) (S 23,23,23) (S 58,23,15) (D 0,1,1)
0 1 7 1932 414 8 (D 0,1,1) (S 6,6,6) (S 8,8,8) (S 47,8,6) (S 32,32,32) (S 31,31,31) (S 65,30,29) (D 0,1,1)
0 1 8 1921 547 8 (D 0,1,1) (S 22,22,22) (S 57,22,41) (S 56,22,23) (S 38,38,38) (S 37,37,37) (S 73,37,38) (D 0,1,1)
0 1 9 1946 645 10 (D 0,1,1) (S 35,35,35) (S 36,36,36) (S 69,36,30) (S 66,30,41) (S 67,32,38) (S 71,38,37) (S 63,28,27) (S 50,40,12) (D 0,1,1)
0 1 10 1937 718 10 (D 0,1,1) (S 48,10,9) (S 41,9,39) (S 61,26,27) (S 34,34,34) (S 33,33,33) (S 68,42,25) (S 53,25,17) (S 40,28,19) (D 0,1,1)
0 1 11 592 1052 9 (D 0,1,1) (S 28,28,28) (S 70,35,36) (S 46,13,4) (S 39,1,10) (S 42,1,39) (S 59,16,24) (S 72,32,38) (D 0,1,1)
