166
10
900000
13917
0 1 1 27 12 6 (D 0,1,1) (S 2,2,2) (S 15,2,11) (S 10,2,4) (S 19,10,8) (D 0,1,1)
0 1 2 27 11 5 (D 0,1,1) (S 4,4,4) (S 6,6,6) (S 14,6,11) (D 0,1,1)
0 1 3 27 12 4 (D 0,1,1) (S 3,3,3) (S 24,5,8) (D 0,1,1)
0 1 4 27 8 3 (D 0,1,1) (S 1,1,1) (D 0,1,1)
0 1 5 27 16 5 (D 0,1,1) (S 7,7,7) (S 27,10,9) (S 30,4,11) (D 0,1,1)
0 1 6 27 10 6 (D 0,1,1) (S 5,5,5) (S 18,5,1) (S 34,1,10) (S 12,10,3) (D 0,1,1)
0 1 7 27 13 6 (D 0,1,1) (S 13,6,10) (S 22,1,3) (S 33,1,9) (S 16,10,11) (D 0,1,1)
0 1 8 26 30 7 (D 0,1,1) (S 23,4,10) (S 32,10,5) (S 20,5,7) (S 21,3,8) (S 28,4,9) (D 0,1,1)
0 1 9 24 19 5 (D 0,1,1) (S 26,2,8) (S 8,8,7) (S 25,7,1) (D 0,1,1)
0 1 10 27 35 7 (D 0,1,1) (S 11,6,3) (S 29,11,8) (S 9,8,9) (S 31,9,11) (S 17,1,4) (D 0,1,1)
