154
6
359500
9241
0 1 1 27 6 6 (D 0,1,1) (S 2,2,2) (S 1,1,1) (S 12,1,2) (S 11,1,11) (D 0,1,1)
0 1 2 27 17 8 (D 0,1,1) (S 21,1,7) (S 7,7,7) (S 9,9,9) (S 18,11,10) (S 23,11,7) (S 6,6,6) (D 0,1,1)
0 1 3 27 21 5 (D 0,1,1) (S 3,3,3) (S 5,5,5) (S 19,11,6) (D 0,1,1)
0 1 4 27 24 5 (D 0,1,1) (S 8,8,8) (S 17,6,9) (S 25,7,6) (D 0,1,1)
0 1 5 27 28 7 (D 0,1,1) (S 27,2,4) (S 4,4,4) (S 26,4,1) (S 28,2,10) (S 14,6,4) (D 0,1,1)
0 1 6 19 58 9 (D 0,1,1) (S 13,3,8) (S 20,5,6) (S 10,6,10) (S 15,11,2) (S 22,2,9) (S 16,10,5) (S 24,6,3) (D 0,1,1)
