20339
36
1444400
93503
0 1 1 1615 286 7 (D 0,1,1) (S 2,2,2) (S 59,2,3) (S 3,3,3) (S 61,3,11) (S 16,16,16) (D 0,1,1)
0 1 2 1613 413 9 (D 0,1,1) (S 1,1,1) (S 58,1,7) (S 7,7,7) (S 9,9,9) (S 66,9,7) (S 8,8,8) (S 148,16,23) (D 0,1,1)
0 1 3 1610 429 7 (D 0,1,1) (S 124,2,1) (S 56,1,56) (S 57,56,6) (S 6,6,6) (S 162,23,30) (D 0,1,1)
0 1 4 1606 576 9 (D 0,1,1) (S 131,2,10) (S 10,10,10) (S 17,17,17) (S 18,18,18) (S 144,18,59) (S 146,59,60) (S 173,44,53) (D 0,1,1)
0 1 5 1595 307 6 (D 0,1,1) (S 65,7,6) (S 129,6,8) (S 67,8,9) (S 68,9,16) (D 0,1,1)
0 1 6 1615 391 6 (D 0,1,1) (S 78,17,18) (S 80,18,19) (S 19,19,19) (S 24,24,24) (D 0,1,1)
0 1 7 1578 302 6 (D 0,1,1) (S 60,3,4) (S 4,4,4) (S 12,12,12) (S 73,12,13) (D 0,1,1)
0 1 8 1602 380 7 (D 0,1,1) (S 69,10,11) (S 11,11,11) (S 72,11,18) (S 81,18,25) (S 23,23,23) (D 0,1,1)
0 1 9 1604 351 8 (D 0,1,1) (S 88,24,25) (S 25,25,25) (S 151,25,60) (S 154,60,26) (S 26,26,26) (S 132,17,10) (D 0,1,1)
0 1 10 1615 447 6 (D 0,1,1) (S 63,5,57) (S 14,14,14) (S 13,13,13) (S 134,13,58) (D 0,1,1)
0 1 11 1602 634 7 (D 0,1,1) (S 86,22,29) (S 29,29,29) (S 22,22,22) (S 149,22,23) (S 48,48,48) (D 0,1,1)
0 1 12 1602 458 7 (D 0,1,1) (S 62,4,5) (S 5,5,5) (S 64,5,13) (S 75,13,14) (S 142,14,21) (D 0,1,1)
0 1 13 1613 512 7 (D 0,1,1) (S 85,59,26) (S 91,26,35) (S 35,35,35) (S 36,36,36) (S 100,35,34) (D 0,1,1)
0 1 14 1607 728 7 (D 0,1,1) (S 82,19,20) (S 20,20,20) (S 83,20,58) (S 143,58,21) (S 170,38,41) (D 0,1,1)
0 1 15 1593 427 6 (D 0,1,1) (S 95,32,30) (S 30,30,30) (S 32,32,32) (S 98,32,38) (D 0,1,1)
0 1 16 1559 512 5 (D 0,1,1) (S 76,15,22) (S 94,29,30) (S 171,38,41) (D 0,1,1)
0 1 17 1611 379 7 (D 0,1,1) (S 126,2,10) (S 79,17,24) (S 90,24,33) (S 33,33,33) (S 164,33,32) (D 0,1,1)
0 1 18 1602 442 7 (D 0,1,1) (S 133,4,12) (S 127,12,4) (S 74,12,20) (S 155,20,26) (S 139,26,20) (D 0,1,1)
0 1 19 1604 534 7 (D 0,1,1) (S 71,11,17) (S 137,17,16) (S 15,15,15) (S 130,15,8) (S 77,16,22) (D 0,1,1)
0 1 20 1611 859 7 (D 0,1,1) (S 125,2,1) (S 96,31,32) (S 41,41,41) (S 109,41,48) (S 176,55,46) (D 0,1,1)
0 1 21 1565 506 6 (D 0,1,1) (S 108,42,41) (S 42,42,42) (S 105,42,39) (S 39,39,39) (D 0,1,1)
0 1 22 1570 559 5 (D 0,1,1) (S 103,36,37) (S 37,37,37) (S 93,37,28) (D 0,1,1)
0 1 23 1604 655 8 (D 0,1,1) (S 70,11,12) (S 21,21,21) (S 159,21,28) (S 28,28,28) (S 27,27,27) (S 168,36,45) (D 0,1,1)
0 1 24 1610 713 6 (D 0,1,1) (S 92,27,36) (S 114,45,44) (S 43,43,43) (S 53,53,53) (D 0,1,1)
0 1 25 1599 527 7 (D 0,1,1) (S 89,24,32) (S 38,38,38) (S 106,41,40) (S 40,40,40) (S 107,40,47) (D 0,1,1)
0 1 26 1569 542 7 (D 0,1,1) (S 138,18,59) (S 145,59,19) (S 84,58,27) (S 158,27,28) (S 160,28,27) (D 0,1,1)
0 1 27 1587 539 7 (D 0,1,1) (S 34,34,34) (S 165,34,33) (S 99,33,39) (S 104,39,38) (S 163,31,29) (D 0,1,1)
0 1 28 1601 847 8 (D 0,1,1) (S 87,24,23) (S 147,23,22) (S 161,29,31) (S 31,31,31) (S 47,47,47) (S 175,46,37) (D 0,1,1)
0 1 29 1582 620 8 (D 0,1,1) (S 120,50,49) (S 49,49,49) (S 118,49,47) (S 117,47,48) (S 119,48,50) (S 50,50,50) (D 0,1,1)
0 1 30 1610 600 6 (D 0,1,1) (S 52,52,52) (S 121,52,51) (S 51,51,51) (S 178,51,50) (D 0,1,1)
0 1 31 1536 639 6 (D 0,1,1) (S 44,44,44) (S 112,44,43) (S 113,43,52) (S 122,52,53) (D 0,1,1)
0 1 32 1607 735 9 (D 0,1,1) (S 150,17,25) (S 153,25,60) (S 157,26,27) (S 156,27,26) (S 102,35,44) (S 45,45,45) (S 128,14,57) (D 0,1,1)
0 1 33 1614 784 7 (D 0,1,1) (S 115,45,46) (S 46,46,46) (S 169,46,37) (S 116,45,54) (S 180,54,53) (D 0,1,1)
0 1 34 1558 809 8 (D 0,1,1) (S 111,42,51) (S 177,51,50) (S 54,54,54) (S 123,54,55) (S 55,55,55) (S 179,54,53) (D 0,1,1)
0 1 35 1552 831 9 (D 0,1,1) (S 110,42,43) (S 172,43,34) (S 167,34,43) (S 166,34,25) (S 152,25,34) (S 174,36,45) (S 101,36,35) (D 0,1,1)
0 1 36 864 1066 7 (D 0,1,1) (S 136,9,15) (S 135,21,14) (S 141,21,58) (S 140,58,13) (S 97,31,40) (D 0,1,1)
