727
9
1014300
30716
0 1 1 75 24 9 (D 0,1,1) (S 2,2,2) (S 14,14,14) (S 13,13,13) (S 35,13,12) (S 12,12,12) (S 6,6,6) (S 7,7,7) (D 0,1,1)
0 1 2 75 64 10 (D 0,1,1) (S 8,8,8) (S 3,3,3) (S 30,3,9) (S 9,9,9) (S 19,19,19) (S 18,18,18) (S 40,18,30) (S 72,30,23) (D 0,1,1)
0 1 3 75 57 7 (D 0,1,1) (S 1,1,1) (S 4,4,4) (S 10,10,10) (S 28,10,28) (S 47,28,15) (D 0,1,1)
0 1 4 74 64 12 (D 0,1,1) (S 59,2,8) (S 33,8,7) (S 21,21,21) (S 22,22,22) (S 17,17,17) (S 16,16,16) (S 57,16,12) (S 29,12,11) (S 11,11,11) (S 52,16,21) (D 0,1,1)
0 1 5 75 77 12 (D 0,1,1) (S 74,14,18) (S 23,23,23) (S 27,27,27) (S 37,27,29) (S 38,29,23) (S 46,23,27) (S 49,27,23) (S 31,23,18) (S 36,17,22) (S 26,26,26) (D 0,1,1)
0 1 6 73 95 11 (D 0,1,1) (S 42,1,11) (S 5,5,5) (S 32,10,4) (S 15,15,15) (S 63,15,10) (S 39,11,28) (S 41,28,20) (S 20,20,20) (S 25,25,25) (D 0,1,1)
0 1 7 75 109 12 (D 0,1,1) (S 67,2,3) (S 71,3,34) (S 43,34,9) (S 44,9,8) (S 73,1,6) (S 75,6,7) (S 61,7,13) (S 51,13,17) (S 34,21,20) (S 69,32,26) (D 0,1,1)
0 1 8 71 134 15 (D 0,1,1) (S 45,8,9) (S 70,9,34) (S 62,9,33) (S 54,33,19) (S 53,19,27) (S 50,29,26) (S 48,26,32) (S 24,24,24) (S 55,24,15) (S 64,28,16) (S 58,16,21) (S 66,20,25) (S 68,25,20) (D 0,1,1)
0 1 9 21 103 6 (D 0,1,1) (S 76,4,5) (S 60,5,31) (S 56,20,24) (S 65,26,29) (D 0,1,1)
