44186
7
577471000
121111
0 1 1 2000 3435 11 (D 0,1,1) (S 210,260,261) (S 148,166,165) (S 239,165,298) (S 107,107,107) (S 216,267,268) (S 240,106,299) (S 106,106,106) (S 236,293,120) (S 120,120,120) (D 0,1,1)
0 1 2 2000 3295 21 (D 0,1,1) (S 98,98,98) (S 65,65,65) (S 199,210,1) (S 1,1,1) (S 66,66,66) (S 150,170,169) (S 198,243,244) (S 238,297,296) (S 228,284,49) (S 49,49,49) (S 169,199,200) (S 161,187,42) (S 42,42,42) (S 189,232,231) (S 196,179,240) (S 53,53,53) (S 54,54,54) (S 84,84,84) (S 33,33,33) (D 0,1,1)
0 1 3 2000 3084 25 (D 0,1,1) (S 121,121,122) (S 43,43,43) (S 99,99,99) (S 97,97,97) (S 102,102,102) (S 103,103,103) (S 220,273,272) (S 193,236,235) (S 221,235,274) (S 165,194,145) (S 135,145,144) (S 205,251,252) (S 204,250,150) (S 143,149,157) (S 111,111,111) (S 137,147,148) (S 175,208,209) (S 129,135,134) (S 9,9,9) (S 178,213,214) (S 25,25,25) (S 26,26,26) (S 71,71,71) (D 0,1,1)
0 1 4 2000 3809 28 (D 0,1,1) (S 207,255,256) (S 234,255,270) (S 217,270,269) (S 203,249,137) (S 131,137,138) (S 14,14,14) (S 176,211,210) (S 222,275,74) (S 74,74,74) (S 122,124,123) (S 218,271,219) (S 211,229,162) (S 146,162,161) (S 130,129,136) (S 126,129,128) (S 23,23,23) (S 40,40,40) (S 116,116,116) (S 174,61,207) (S 188,230,229) (S 3,3,3) (S 72,72,72) (S 15,15,15) (S 105,105,105) (S 78,78,78) (S 21,21,21) (D 0,1,1)
0 1 5 2000 5385 35 (D 0,1,1) (S 206,254,253) (S 104,104,104) (S 163,190,191) (S 132,139,140) (S 152,172,173) (S 160,185,186) (S 86,86,86) (S 149,168,167) (S 192,45,234) (S 89,89,89) (S 96,96,96) (S 46,46,46) (S 88,88,88) (S 167,197,108) (S 108,108,108) (S 151,108,171) (S 124,9,127) (S 186,225,226) (S 214,242,204) (S 171,204,203) (S 226,203,281) (S 225,279,280) (S 201,246,245) (S 85,85,85) (S 101,101,101) (S 64,64,64) (S 28,28,28) (S 2,2,2) (S 91,91,91) (S 37,37,37) (S 168,198,180) (S 231,286,287) (S 39,39,39) (D 0,1,1)
0 1 6 2000 5591 34 (D 0,1,1) (S 185,224,113) (S 113,113,113) (S 195,239,238) (S 32,32,32) (S 194,32,237) (S 229,237,175) (S 181,216,217) (S 232,217,288) (S 224,278,224) (S 208,257,258) (S 184,223,222) (S 153,175,174) (S 147,164,163) (S 139,152,151) (S 158,183,142) (S 133,142,141) (S 219,141,219) (S 117,117,117) (S 119,119,119) (S 114,114,114) (S 123,125,126) (S 13,13,13) (S 227,283,282) (S 215,265,266) (S 180,176,198) (S 156,180,179) (S 233,289,290) (S 22,22,22) (S 136,133,146) (S 59,59,59) (S 138,150,149) (S 20,20,20) (D 0,1,1)
0 1 7 1482 19587 100 (D 0,1,1) (S 11,11,11) (S 73,73,73) (S 12,12,12) (S 127,131,130) (S 202,248,247) (S 128,132,133) (S 157,181,182) (S 187,228,227) (S 109,109,109) (S 212,262,263) (S 134,143,121) (S 6,6,6) (S 209,259,78) (S 141,153,154) (S 115,115,115) (S 142,156,155) (S 36,36,36) (S 237,294,295) (S 10,10,10) (S 191,68,233) (S 183,220,221) (S 57,57,57) (S 235,291,292) (S 17,17,17) (S 144,158,159) (S 159,184,152) (S 140,152,142) (S 145,8,160) (S 154,176,177) (S 77,77,77) (S 230,152,285) (S 75,75,75) (S 162,188,189) (S 69,69,69) (S 155,178,35) (S 35,35,35) (S 173,35,206) (S 38,38,38) (S 118,118,118) (S 164,192,193) (S 166,195,196) (S 45,45,45) (S 200,197,205) (S 177,201,212) (S 170,201,202) (S 50,50,50) (S 172,171,205) (S 213,180,264) (S 182,218,219) (S 44,44,44) (S 179,215,125) (S 110,110,110) (S 27,27,27) (S 70,70,70) (S 92,92,92) (S 41,41,41) (S 48,48,48) (S 30,30,30) (S 68,68,68) (S 31,31,31) (S 87,87,87) (S 83,83,83) (S 190,156,154) (S 34,34,34) (S 81,81,81) (S 112,112,112) (S 90,90,90) (S 100,100,100) (S 18,18,18) (S 93,93,93) (S 19,19,19) (S 7,7,7) (S 5,5,5) (S 82,82,82) (S 58,58,58) (S 63,63,63) (S 16,16,16) (S 80,80,80) (S 62,62,62) (S 79,79,79) (S 4,4,4) (S 67,67,67) (S 223,277,276) (S 29,29,29) (S 56,56,56) (S 125,10,123) (S 76,76,76) (S 24,24,24) (S 95,95,95) (S 55,55,55) (S 197,241,242) (S 94,94,94) (S 47,47,47) (S 60,60,60) (S 61,61,61) (S 8,8,8) (S 52,52,52) (S 51,51,51) (D 0,1,1)
