696
8
437800
11707
0 1 1 40 32 6 (D 0,1,1) (S 2,2,2) (S 7,7,7) (S 16,7,17) (S 5,5,5) (D 0,1,1)
0 1 2 40 54 11 (D 0,1,1) (S 22,22,23) (S 38,23,14) (S 23,14,7) (S 39,7,14) (S 14,14,5) (S 4,4,4) (S 20,4,6) (S 6,6,6) (S 36,6,13) (D 0,1,1)
0 1 3 39 96 6 (D 0,1,1) (S 9,9,9) (S 11,11,11) (S 34,11,24) (S 46,24,10) (D 0,1,1)
0 1 4 40 84 7 (D 0,1,1) (S 19,19,16) (S 35,16,10) (S 10,10,10) (S 13,10,13) (S 32,13,12) (D 0,1,1)
0 1 5 40 89 9 (D 0,1,1) (S 30,3,22) (S 3,3,3) (S 25,17,5) (S 47,5,4) (S 26,4,19) (S 17,19,18) (S 1,1,1) (D 0,1,1)
0 1 6 40 104 8 (D 0,1,1) (S 15,16,15) (S 45,15,1) (S 18,18,20) (S 21,20,21) (S 29,21,1) (S 24,1,15) (D 0,1,1)
0 1 7 40 104 9 (D 0,1,1) (S 12,12,12) (S 27,12,24) (S 40,10,16) (S 41,16,4) (S 48,4,19) (S 33,6,17) (S 31,8,23) (D 0,1,1)
0 1 8 31 133 8 (D 0,1,1) (S 8,8,8) (S 37,17,6) (S 44,13,12) (S 28,15,9) (S 42,9,15) (S 43,1,21) (D 0,1,1)
