540
10
608200
14765
0 1 1 27 9 6 (D 0,1,1) (S 2,2,2) (S 6,6,6) (S 34,6,2) (S 30,3,4) (D 0,1,1)
0 1 2 27 18 5 (D 0,1,1) (S 4,4,4) (S 3,3,3) (S 41,4,1) (D 0,1,1)
0 1 3 27 38 6 (D 0,1,1) (S 32,2,4) (S 1,1,1) (S 36,1,24) (S 38,24,25) (D 0,1,1)
0 1 4 27 60 5 (D 0,1,1) (S 27,26,23) (S 8,8,8) (S 9,9,9) (D 0,1,1)
0 1 5 27 50 6 (D 0,1,1) (S 29,2,1) (S 11,11,11) (S 26,25,20) (S 24,18,8) (D 0,1,1)
0 1 6 27 68 7 (D 0,1,1) (S 5,5,5) (S 15,15,15) (S 31,15,14) (S 14,14,14) (S 39,19,27) (D 0,1,1)
0 1 7 27 62 7 (D 0,1,1) (S 20,16,19) (S 23,14,13) (S 13,13,13) (S 10,10,10) (S 22,18,20) (D 0,1,1)
0 1 8 27 62 6 (D 0,1,1) (S 21,7,10) (S 37,10,12) (S 12,12,12) (S 25,17,7) (D 0,1,1)
0 1 9 27 83 7 (D 0,1,1) (S 7,7,7) (S 35,12,17) (S 17,12,14) (S 16,16,16) (S 19,7,18) (D 0,1,1)
0 1 10 6 90 6 (D 0,1,1) (S 40,4,26) (S 18,8,17) (S 28,12,13) (S 33,22,9) (D 0,1,1)
