411
9
633500
17582
0 1 1 45 18 7 (D 0,1,1) (S 2,2,2) (S 14,2,1) (S 1,1,1) (S 16,17,15) (S 30,17,2) (D 0,1,1)
0 1 2 45 29 7 (D 0,1,1) (S 18,2,6) (S 6,6,6) (S 20,6,3) (S 7,7,7) (S 34,7,9) (D 0,1,1)
0 1 3 45 54 9 (D 0,1,1) (S 10,10,10) (S 28,10,22) (S 32,22,16) (S 15,16,15) (S 5,5,5) (S 27,17,2) (S 9,9,9) (D 0,1,1)
0 1 4 45 50 6 (D 0,1,1) (S 12,12,12) (S 36,12,11) (S 11,11,11) (S 31,24,9) (D 0,1,1)
0 1 5 45 39 8 (D 0,1,1) (S 4,4,4) (S 3,3,3) (S 35,3,4) (S 17,4,13) (S 26,13,9) (S 38,9,13) (D 0,1,1)
0 1 6 44 44 9 (D 0,1,1) (S 24,10,11) (S 8,8,8) (S 47,8,24) (S 48,24,9) (S 19,18,14) (S 13,14,13) (S 45,9,18) (D 0,1,1)
0 1 7 42 56 8 (D 0,1,1) (S 44,2,3) (S 29,7,6) (S 42,6,22) (S 22,15,5) (S 40,16,10) (S 41,10,16) (D 0,1,1)
0 1 8 43 85 9 (D 0,1,1) (S 23,21,19) (S 21,19,20) (S 25,20,12) (S 37,12,8) (S 39,8,11) (S 46,12,8) (S 33,23,14) (D 0,1,1)
0 1 9 4 36 3 (D 0,1,1) (S 43,23,14) (D 0,1,1)
