190
7
457800
10509
0 1 1 20 13 7 (D 0,1,1) (S 2,2,2) (S 3,3,3) (S 7,7,7) (S 22,7,3) (S 18,7,6) (D 0,1,1)
0 1 2 20 21 8 (D 0,1,1) (S 17,2,1) (S 1,1,1) (S 19,17,18) (S 38,18,2) (S 36,3,14) (S 34,14,9) (D 0,1,1)
0 1 3 20 25 7 (D 0,1,1) (S 5,5,5) (S 4,4,4) (S 14,4,14) (S 27,14,9) (S 28,9,16) (D 0,1,1)
0 1 4 20 25 8 (D 0,1,1) (S 37,2,18) (S 8,8,8) (S 10,10,10) (S 11,11,11) (S 9,9,9) (S 21,20,21) (D 0,1,1)
0 1 5 20 32 9 (D 0,1,1) (S 23,7,8) (S 31,21,24) (S 30,24,23) (S 29,23,22) (S 6,6,6) (S 25,6,1) (S 32,23,24) (D 0,1,1)
0 1 6 20 36 6 (D 0,1,1) (S 24,22,13) (S 13,13,13) (S 33,23,20) (S 16,16,15) (D 0,1,1)
0 1 7 17 38 7 (D 0,1,1) (S 20,19,12) (S 12,12,12) (S 26,12,15) (S 15,15,11) (S 35,16,19) (D 0,1,1)
