785
9
897500
43234
0 1 1 75 46 13 (D 0,1,1) (S 2,2,2) (S 8,8,8) (S 9,9,9) (S 13,13,13) (S 20,20,20) (S 19,19,19) (S 12,12,12) (S 83,12,19) (S 92,19,40) (S 23,23,23) (S 96,23,40) (D 0,1,1)
0 1 2 75 61 10 (D 0,1,1) (S 35,8,12) (S 11,11,11) (S 58,11,6) (S 6,6,6) (S 7,7,7) (S 40,13,32) (S 21,21,21) (S 48,16,31) (D 0,1,1)
0 1 3 75 44 13 (D 0,1,1) (S 4,4,4) (S 3,3,3) (S 69,4,36) (S 15,15,15) (S 38,15,14) (S 14,14,14) (S 42,14,36) (S 43,36,31) (S 54,31,13) (S 68,13,9) (S 51,1,38) (D 0,1,1)
0 1 4 75 90 13 (D 0,1,1) (S 95,2,3) (S 70,3,2) (S 1,1,1) (S 47,1,7) (S 52,6,38) (S 81,1,7) (S 82,7,6) (S 31,31,14) (S 33,33,17) (S 93,17,22) (S 79,33,14) (D 0,1,1)
0 1 5 75 90 13 (D 0,1,1) (S 39,2,8) (S 16,16,16) (S 17,17,17) (S 18,18,18) (S 49,18,37) (S 66,37,22) (S 22,22,22) (S 36,22,35) (S 57,35,24) (S 24,24,24) (S 46,29,34) (D 0,1,1)
0 1 6 75 97 11 (D 0,1,1) (S 41,23,24) (S 37,24,32) (S 32,32,20) (S 60,20,12) (S 44,12,11) (S 53,11,19) (S 64,19,20) (S 63,21,22) (S 76,22,33) (D 0,1,1)
0 1 7 75 116 15 (D 0,1,1) (S 61,36,10) (S 10,10,10) (S 5,5,5) (S 90,10,36) (S 55,35,21) (S 50,21,35) (S 78,35,28) (S 28,28,28) (S 74,28,29) (S 29,29,29) (S 30,30,30) (S 34,34,28) (S 45,34,29) (D 0,1,1)
0 1 8 75 141 17 (D 0,1,1) (S 73,40,26) (S 26,26,26) (S 27,27,27) (S 56,27,26) (S 65,26,27) (S 62,27,28) (S 89,28,39) (S 25,25,25) (S 77,25,39) (S 59,39,30) (S 88,30,34) (S 80,29,27) (S 85,26,41) (S 86,41,29) (S 94,29,41) (D 0,1,1)
0 1 9 27 100 9 (D 0,1,1) (S 84,32,21) (S 91,21,32) (S 87,40,26) (S 71,28,35) (S 75,33,16) (S 67,16,31) (S 72,7,6) (D 0,1,1)
