778
9
1070100
30282
0 1 1 65 50 11 (D 0,1,1) (S 2,2,2) (S 4,4,4) (S 3,3,3) (S 40,2,23) (S 31,23,19) (S 35,19,28) (S 53,28,1) (S 67,1,28) (S 46,4,3) (D 0,1,1)
0 1 2 65 52 9 (D 0,1,1) (S 43,2,4) (S 74,4,2) (S 8,8,8) (S 6,6,6) (S 56,6,20) (S 63,20,6) (S 58,6,8) (D 0,1,1)
0 1 3 65 88 8 (D 0,1,1) (S 28,5,6) (S 1,1,1) (S 27,20,24) (S 11,11,11) (S 69,11,30) (S 64,25,18) (D 0,1,1)
0 1 4 65 76 9 (D 0,1,1) (S 20,4,5) (S 5,5,5) (S 22,5,19) (S 26,23,5) (S 10,10,10) (S 48,10,27) (S 7,7,7) (D 0,1,1)
0 1 5 65 70 10 (D 0,1,1) (S 71,4,3) (S 34,7,12) (S 12,12,12) (S 14,14,14) (S 17,17,17) (S 37,17,14) (S 13,13,13) (S 60,13,25) (D 0,1,1)
0 1 6 65 80 9 (D 0,1,1) (S 16,16,16) (S 18,18,18) (S 66,18,15) (S 15,15,15) (S 30,15,25) (S 32,25,10) (S 21,10,9) (D 0,1,1)
0 1 7 65 120 12 (D 0,1,1) (S 33,26,27) (S 38,27,21) (S 24,21,8) (S 23,8,20) (S 49,6,28) (S 52,28,6) (S 72,5,21) (S 61,21,10) (S 47,25,30) (S 68,25,18) (D 0,1,1)
0 1 8 64 94 13 (D 0,1,1) (S 9,9,9) (S 57,9,12) (S 19,12,17) (S 25,22,13) (S 29,13,9) (S 54,9,7) (S 45,7,26) (S 51,26,9) (S 62,9,26) (S 65,27,5) (S 70,5,27) (D 0,1,1)
0 1 9 47 148 12 (D 0,1,1) (S 44,27,9) (S 55,9,27) (S 73,29,18) (S 75,18,22) (S 39,13,25) (S 42,29,30) (S 36,29,16) (S 41,29,15) (S 50,18,13) (S 59,13,18) (D 0,1,1)
