593
9
1768800
37818
0 1 1 65 30 7 (D 0,1,1) (S 2,2,2) (S 14,14,14) (S 9,9,9) (S 4,4,4) (S 42,4,37) (D 0,1,1)
0 1 2 65 36 9 (D 0,1,1) (S 1,1,1) (S 68,1,35) (S 38,35,25) (S 25,25,25) (S 24,24,24) (S 32,24,25) (S 74,35,37) (D 0,1,1)
0 1 3 65 50 9 (D 0,1,1) (S 28,27,21) (S 21,21,21) (S 43,38,33) (S 36,33,25) (S 8,8,8) (S 46,8,37) (S 6,6,6) (D 0,1,1)
0 1 4 65 60 8 (D 0,1,1) (S 35,31,32) (S 23,23,23) (S 33,23,30) (S 39,30,28) (S 29,28,19) (S 19,19,19) (D 0,1,1)
0 1 5 65 64 12 (D 0,1,1) (S 22,22,22) (S 30,22,29) (S 3,3,3) (S 44,3,29) (S 60,29,27) (S 27,27,27) (S 73,26,25) (S 50,37,6) (S 67,6,40) (S 66,40,7) (D 0,1,1)
0 1 6 65 46 15 (D 0,1,1) (S 61,2,1) (S 5,5,5) (S 40,5,1) (S 45,14,13) (S 13,13,13) (S 69,13,15) (S 15,15,15) (S 53,15,16) (S 16,16,16) (S 17,17,17) (S 41,17,36) (S 18,18,18) (S 37,18,34) (D 0,1,1)
0 1 7 65 73 13 (D 0,1,1) (S 62,26,21) (S 52,21,38) (S 47,38,26) (S 26,26,26) (S 65,26,1) (S 7,7,7) (S 63,7,12) (S 12,12,12) (S 11,11,11) (S 10,10,10) (S 76,40,7) (D 0,1,1)
0 1 8 65 109 12 (D 0,1,1) (S 20,20,20) (S 31,19,30) (S 71,23,28) (S 34,6,10) (S 55,11,12) (S 79,40,6) (S 57,39,37) (S 70,37,39) (S 48,35,4) (S 64,35,37) (D 0,1,1)
0 1 9 39 125 13 (D 0,1,1) (S 77,5,4) (S 72,4,35) (S 75,9,8) (S 58,8,9) (S 80,31,14) (S 51,14,31) (S 78,27,29) (S 49,24,30) (S 59,30,24) (S 56,16,18) (S 54,16,17) (D 0,1,1)
