215
10
741200
19091
0 1 1 27 10 7 (D 0,1,1) (S 2,2,2) (S 4,4,4) (S 6,6,6) (S 3,3,3) (S 14,3,4) (D 0,1,1)
0 1 2 27 8 6 (D 0,1,1) (S 5,5,5) (S 7,7,7) (S 18,7,5) (S 30,2,11) (D 0,1,1)
0 1 3 27 8 6 (D 0,1,1) (S 22,2,5) (S 36,5,9) (S 1,1,1) (S 26,1,3) (D 0,1,1)
0 1 4 27 16 8 (D 0,1,1) (S 23,2,8) (S 8,8,8) (S 48,8,3) (S 9,3,9) (S 10,9,6) (S 27,3,7) (D 0,1,1)
0 1 5 27 11 6 (D 0,1,1) (S 34,11,9) (S 15,9,1) (S 42,1,10) (S 25,10,9) (D 0,1,1)
0 1 6 27 19 6 (D 0,1,1) (S 35,4,9) (S 39,1,11) (S 29,11,3) (S 41,9,2) (D 0,1,1)
0 1 7 27 26 7 (D 0,1,1) (S 37,2,4) (S 20,2,7) (S 11,6,10) (S 33,10,5) (S 32,4,6) (D 0,1,1)
0 1 8 27 28 7 (D 0,1,1) (S 13,2,1) (S 40,9,8) (S 45,8,1) (S 28,1,5) (S 19,6,11) (D 0,1,1)
0 1 9 27 37 7 (D 0,1,1) (S 38,2,6) (S 31,6,1) (S 46,3,5) (S 21,2,3) (S 43,4,11) (D 0,1,1)
0 1 10 23 52 8 (D 0,1,1) (S 24,4,1) (S 47,3,6) (S 17,7,4) (S 12,10,7) (S 16,11,10) (S 44,10,8) (D 0,1,1)
