591
9
1708400
31365
0 1 1 65 47 11 (D 0,1,1) (S 2,2,2) (S 9,9,9) (S 5,5,5) (S 39,5,9) (S 11,11,11) (S 26,11,27) (S 20,11,20) (S 13,13,13) (S 52,1,29) (D 0,1,1)
0 1 2 65 48 10 (D 0,1,1) (S 18,18,18) (S 19,19,1) (S 1,1,1) (S 4,4,4) (S 8,8,8) (S 32,8,32) (S 80,9,11) (S 44,20,13) (D 0,1,1)
0 1 3 64 54 9 (D 0,1,1) (S 3,3,3) (S 42,3,38) (S 33,34,33) (S 64,33,21) (S 22,21,22) (S 23,19,23) (S 6,6,6) (D 0,1,1)
0 1 4 64 47 8 (D 0,1,1) (S 76,2,1) (S 16,16,16) (S 34,16,24) (S 24,24,25) (S 30,25,30) (S 43,30,16) (D 0,1,1)
0 1 5 64 64 13 (D 0,1,1) (S 21,2,5) (S 58,9,32) (S 12,12,12) (S 35,12,14) (S 14,14,14) (S 15,15,15) (S 25,15,26) (S 28,26,20) (S 68,20,13) (S 48,13,15) (S 37,29,23) (D 0,1,1)
0 1 6 64 64 15 (D 0,1,1) (S 85,2,3) (S 72,37,19) (S 81,19,37) (S 73,37,36) (S 60,36,21) (S 66,21,36) (S 79,21,37) (S 54,37,22) (S 82,22,37) (S 41,37,2) (S 29,4,29) (S 36,29,30) (S 83,29,1) (D 0,1,1)
0 1 7 64 64 11 (D 0,1,1) (S 38,29,35) (S 47,40,10) (S 10,10,10) (S 27,10,28) (S 31,31,7) (S 7,7,7) (S 67,7,29) (S 61,29,6) (S 59,40,35) (D 0,1,1)
0 1 8 65 99 13 (D 0,1,1) (S 75,29,7) (S 69,31,35) (S 70,35,40) (S 50,40,6) (S 84,6,39) (S 45,39,29) (S 49,29,39) (S 53,6,40) (S 57,23,17) (S 17,17,17) (S 46,25,23) (D 0,1,1)
0 1 9 44 104 13 (D 0,1,1) (S 78,22,34) (S 51,34,38) (S 77,38,34) (S 55,34,22) (S 40,23,17) (S 63,17,24) (S 56,25,23) (S 74,7,8) (S 62,8,4) (S 65,4,8) (S 71,31,10) (D 0,1,1)
