586
6
254500
4845
0 1 1 5 50 7 (D 0,1,1) (S 2,2,2) (S 14,2,11) (S 3,3,3) (S 21,3,9) (S 9,9,5) (D 0,1,1)
0 1 2 5 69 7 (D 0,1,1) (S 17,11,3) (S 20,3,7) (S 22,7,12) (S 24,12,8) (S 27,8,12) (D 0,1,1)
0 1 3 5 74 7 (D 0,1,1) (S 19,11,9) (S 4,4,4) (S 12,4,10) (S 11,4,6) (S 1,1,1) (D 0,1,1)
0 1 4 5 116 7 (D 0,1,1) (S 10,2,4) (S 5,4,5) (S 6,5,6) (S 16,6,1) (S 18,1,11) (D 0,1,1)
0 1 5 5 137 7 (D 0,1,1) (S 13,2,6) (S 26,1,9) (S 23,9,7) (S 7,7,5) (S 8,5,8) (D 0,1,1)
0 1 6 4 140 6 (D 0,1,1) (S 15,2,1) (S 29,5,8) (S 25,8,10) (S 28,10,8) (D 0,1,1)
