402
8
434200
18110
0 1 1 45 49 8 (D 0,1,1) (S 2,2,2) (S 7,7,7) (S 1,1,1) (S 36,1,3) (S 3,3,3) (S 24,20,10) (D 0,1,1)
0 1 2 45 70 5 (D 0,1,1) (S 12,12,12) (S 14,14,14) (S 23,19,10) (D 0,1,1)
0 1 3 44 22 5 (D 0,1,1) (S 4,4,4) (S 33,16,12) (S 35,12,7) (D 0,1,1)
0 1 4 45 42 7 (D 0,1,1) (S 17,2,18) (S 38,18,1) (S 6,6,6) (S 5,5,5) (S 8,8,8) (D 0,1,1)
0 1 5 44 28 5 (D 0,1,1) (S 13,13,13) (S 28,13,17) (S 16,17,16) (D 0,1,1)
0 1 6 45 43 6 (D 0,1,1) (S 22,8,5) (S 15,5,15) (S 10,10,10) (S 34,19,24) (D 0,1,1)
0 1 7 45 53 9 (D 0,1,1) (S 27,4,5) (S 19,20,9) (S 9,9,9) (S 20,9,11) (S 11,11,11) (S 18,19,15) (S 26,15,8) (D 0,1,1)
0 1 8 45 95 11 (D 0,1,1) (S 25,13,22) (S 21,22,21) (S 37,22,13) (S 40,13,24) (S 31,24,17) (S 39,17,24) (S 30,16,8) (S 29,23,9) (S 32,10,15) (D 0,1,1)
