4411
12
981700
21426
0 1 1 1709 252 9 (D 0,1,1) (S 2,2,2) (S 17,2,17) (S 30,17,27) (S 44,27,18) (S 7,7,7) (S 45,18,2) (S 21,7,20) (D 0,1,1)
0 1 2 1708 152 6 (D 0,1,1) (S 6,6,6) (S 59,6,7) (S 8,8,8) (S 19,8,19) (D 0,1,1)
0 1 3 1699 190 8 (D 0,1,1) (S 58,2,6) (S 5,5,5) (S 56,5,29) (S 40,29,5) (S 54,5,30) (S 53,30,4) (D 0,1,1)
0 1 4 1698 261 9 (D 0,1,1) (S 42,2,18) (S 18,18,7) (S 60,7,2) (S 41,2,25) (S 36,25,26) (S 50,26,4) (S 65,30,21) (D 0,1,1)
0 1 5 1708 287 8 (D 0,1,1) (S 43,2,6) (S 10,10,10) (S 9,9,9) (S 23,9,22) (S 34,4,28) (S 37,28,26) (D 0,1,1)
0 1 6 1708 263 8 (D 0,1,1) (S 38,29,26) (S 4,4,4) (S 51,4,30) (S 55,30,21) (S 22,21,10) (S 27,24,25) (D 0,1,1)
0 1 7 1691 323 9 (D 0,1,1) (S 1,1,1) (S 31,1,27) (S 32,27,1) (S 49,19,3) (S 3,3,3) (S 46,3,18) (S 61,7,8) (D 0,1,1)
0 1 8 1691 286 9 (D 0,1,1) (S 29,25,26) (S 35,26,24) (S 25,24,23) (S 33,23,28) (S 52,4,9) (S 67,9,10) (S 57,30,5) (D 0,1,1)
0 1 9 1705 484 9 (D 0,1,1) (S 11,11,11) (S 68,11,20) (S 12,12,12) (S 16,16,16) (S 15,15,15) (S 77,15,16) (S 73,11,31) (D 0,1,1)
0 1 10 1709 637 11 (D 0,1,1) (S 20,5,11) (S 69,20,12) (S 64,12,8) (S 62,8,3) (S 47,3,19) (S 70,8,12) (S 71,12,20) (S 78,12,16) (S 39,29,25) (D 0,1,1)
0 1 11 1699 644 10 (D 0,1,1) (S 14,14,14) (S 13,13,13) (S 75,13,14) (S 76,14,13) (S 74,14,31) (S 26,24,23) (S 28,24,26) (S 66,21,9) (D 0,1,1)
0 1 12 1040 632 7 (D 0,1,1) (S 24,15,14) (S 79,15,16) (S 72,22,31) (S 48,8,3) (S 63,8,7) (D 0,1,1)
