189
6
413900
5530
0 1 1 27 17 8 (D 0,1,1) (S 2,2,2) (S 1,1,1) (S 25,1,2) (S 5,5,5) (S 4,4,4) (S 22,7,3) (D 0,1,1)
0 1 2 27 16 5 (D 0,1,1) (S 7,7,7) (S 3,3,3) (S 6,6,6) (D 0,1,1)
0 1 3 27 19 7 (D 0,1,1) (S 13,1,10) (S 17,10,5) (S 23,5,9) (S 16,9,8) (S 8,8,2) (D 0,1,1)
0 1 4 27 31 7 (D 0,1,1) (S 29,2,11) (S 28,11,1) (S 26,8,4) (S 20,4,5) (S 27,1,6) (D 0,1,1)
0 1 5 27 45 7 (D 0,1,1) (S 19,2,7) (S 12,9,6) (S 30,6,10) (S 10,8,3) (S 11,6,4) (D 0,1,1)
0 1 6 19 61 9 (D 0,1,1) (S 15,9,4) (S 18,4,11) (S 24,1,3) (S 21,3,9) (S 31,9,11) (S 9,2,3) (S 14,4,10) (D 0,1,1)
