10873
17
8258600
47505
0 1 1 1821 335 10 (D 0,1,1) (S 74,73,19) (S 19,19,19) (S 73,19,60) (S 64,60,61) (S 65,61,62) (S 76,62,74) (S 102,82,86) (S 90,23,72) (D 0,1,1)
0 1 2 1828 778 9 (D 0,1,1) (S 23,23,23) (S 18,18,18) (S 89,18,23) (S 72,72,71) (S 16,16,16) (S 59,16,9) (S 123,101,102) (D 0,1,1)
0 1 3 1826 420 10 (D 0,1,1) (S 103,82,88) (S 115,88,97) (S 117,97,98) (S 122,98,101) (S 107,92,90) (S 24,24,24) (S 78,65,75) (S 109,77,29) (D 0,1,1)
0 1 4 1825 527 8 (D 0,1,1) (S 27,27,27) (S 28,28,28) (S 100,28,86) (S 34,34,34) (S 121,35,36) (S 30,30,30) (D 0,1,1)
0 1 5 1828 570 9 (D 0,1,1) (S 7,7,7) (S 41,43,42) (S 6,6,6) (S 9,9,9) (S 54,10,57) (S 2,2,2) (S 52,8,14) (D 0,1,1)
0 1 6 1826 531 7 (D 0,1,1) (S 20,20,20) (S 75,20,62) (S 11,11,11) (S 56,11,49) (S 3,3,3) (D 0,1,1)
0 1 7 1806 410 8 (D 0,1,1) (S 10,10,10) (S 61,10,17) (S 17,17,17) (S 63,17,60) (S 15,15,15) (S 71,69,70) (D 0,1,1)
0 1 8 1807 527 9 (D 0,1,1) (S 116,89,97) (S 118,97,92) (S 21,21,21) (S 22,22,22) (S 84,78,68) (S 69,68,67) (S 83,22,78) (D 0,1,1)
0 1 9 1819 646 11 (D 0,1,1) (S 104,82,89) (S 101,87,28) (S 99,28,27) (S 98,27,85) (S 114,27,96) (S 35,35,35) (S 36,36,36) (S 37,37,37) (S 39,39,39) (D 0,1,1)
0 1 10 1823 756 8 (D 0,1,1) (S 70,69,15) (S 14,14,14) (S 60,15,16) (S 1,1,1) (S 55,57,58) (S 53,9,56) (D 0,1,1)
0 1 11 1817 539 9 (D 0,1,1) (S 67,65,63) (S 66,63,64) (S 12,12,12) (S 58,53,55) (S 13,13,13) (S 85,67,79) (S 68,66,21) (D 0,1,1)
0 1 12 1804 525 8 (D 0,1,1) (S 112,94,95) (S 120,33,100) (S 125,39,104) (S 32,32,32) (S 38,38,38) (S 124,38,103) (D 0,1,1)
0 1 13 1825 564 11 (D 0,1,1) (S 82,77,21) (S 80,21,75) (S 81,75,25) (S 25,25,25) (S 92,25,24) (S 77,20,65) (S 79,75,76) (S 57,59,53) (S 47,53,52) (D 0,1,1)
0 1 14 1816 638 11 (D 0,1,1) (S 94,77,83) (S 96,83,26) (S 26,26,26) (S 97,26,80) (S 86,80,79) (S 111,26,94) (S 127,33,105) (S 106,91,90) (S 91,73,82) (D 0,1,1)
0 1 15 1784 717 13 (D 0,1,1) (S 4,4,4) (S 43,4,45) (S 5,5,5) (S 44,46,47) (S 50,47,54) (S 49,54,55) (S 93,22,83) (S 95,83,84) (S 110,84,29) (S 29,29,29) (S 33,33,33) (D 0,1,1)
0 1 16 1823 1211 11 (D 0,1,1) (S 105,88,74) (S 40,41,40) (S 8,8,8) (S 51,8,56) (S 45,49,48) (S 46,51,50) (S 126,39,105) (S 31,31,31) (S 119,99,32) (D 0,1,1)
0 1 17 558 1179 9 (D 0,1,1) (S 87,70,81) (S 113,85,30) (S 108,93,29) (S 62,17,16) (S 42,2,44) (S 48,54,52) (S 88,72,70) (D 0,1,1)
