512
9
1174100
32195
0 1 1 65 33 9 (D 0,1,1) (S 2,2,2) (S 7,7,7) (S 42,7,38) (S 11,11,11) (S 26,11,25) (S 30,25,28) (S 49,25,39) (D 0,1,1)
0 1 2 65 30 9 (D 0,1,1) (S 37,1,36) (S 20,20,20) (S 41,20,29) (S 18,18,18) (S 38,18,29) (S 1,1,1) (S 46,1,29) (D 0,1,1)
0 1 3 65 45 10 (D 0,1,1) (S 61,2,1) (S 13,13,13) (S 24,13,24) (S 25,24,19) (S 19,19,19) (S 14,14,14) (S 57,14,24) (S 74,19,20) (D 0,1,1)
0 1 4 65 30 10 (D 0,1,1) (S 60,29,4) (S 4,4,4) (S 39,4,9) (S 9,9,9) (S 10,10,10) (S 32,31,6) (S 6,6,6) (S 69,6,29) (D 0,1,1)
0 1 5 64 56 11 (D 0,1,1) (S 64,1,35) (S 3,3,3) (S 28,3,8) (S 8,8,8) (S 76,8,38) (S 85,38,11) (S 40,8,37) (S 12,12,12) (S 29,12,26) (D 0,1,1)
0 1 6 65 79 11 (D 0,1,1) (S 31,29,30) (S 43,30,31) (S 53,31,10) (S 5,5,5) (S 51,5,30) (S 70,5,4) (S 77,4,5) (S 17,17,17) (S 22,22,22) (D 0,1,1)
0 1 7 65 43 11 (D 0,1,1) (S 15,15,15) (S 33,15,32) (S 16,16,16) (S 58,16,32) (S 73,32,16) (S 83,16,21) (S 21,21,21) (S 52,21,36) (S 81,36,21) (D 0,1,1)
0 1 8 64 77 21 (D 0,1,1) (S 55,2,7) (S 68,7,2) (S 62,2,3) (S 35,3,35) (S 47,35,33) (S 82,33,40) (S 50,40,22) (S 59,22,34) (S 34,34,33) (S 71,33,35) (S 44,35,21) (S 67,21,34) (S 79,34,21) (S 54,21,35) (S 56,8,11) (S 27,27,26) (S 36,27,28) (S 65,25,39) (S 66,39,12) (D 0,1,1)
0 1 9 41 119 11 (D 0,1,1) (S 23,23,23) (S 72,23,29) (S 84,20,14) (S 63,14,24) (S 80,31,10) (S 48,6,7) (S 75,34,22) (S 45,39,27) (S 78,27,39) (D 0,1,1)
