9357
16
7760900
39490
0 1 1 1634 201 7 (D 0,1,1) (S 12,12,12) (S 13,13,13) (S 24,24,24) (S 23,23,23) (S 34,34,34) (D 0,1,1)
0 1 2 1626 369 7 (D 0,1,1) (S 11,11,11) (S 2,2,2) (S 1,1,1) (S 10,10,10) (S 21,21,21) (D 0,1,1)
0 1 3 1625 489 7 (D 0,1,1) (S 5,5,5) (S 6,6,6) (S 7,7,7) (S 8,8,8) (S 29,29,29) (D 0,1,1)
0 1 4 1608 384 6 (D 0,1,1) (S 37,37,37) (S 38,38,38) (S 47,47,47) (S 58,58,58) (D 0,1,1)
0 1 5 1595 446 7 (D 0,1,1) (S 64,64,64) (S 65,65,65) (S 75,75,75) (S 76,76,76) (S 88,88,88) (D 0,1,1)
0 1 6 1635 513 8 (D 0,1,1) (S 4,4,4) (S 3,3,3) (S 53,53,53) (S 52,52,52) (S 72,72,72) (S 73,73,73) (D 0,1,1)
0 1 7 1642 523 8 (D 0,1,1) (S 45,45,45) (S 56,56,56) (S 57,57,57) (S 67,67,67) (S 66,66,66) (S 16,16,16) (D 0,1,1)
0 1 8 1620 583 8 (D 0,1,1) (S 22,22,22) (S 33,33,33) (S 32,32,32) (S 31,31,31) (S 71,71,71) (S 84,84,84) (D 0,1,1)
0 1 9 1612 377 10 (D 0,1,1) (S 43,43,43) (S 54,54,54) (S 55,55,55) (S 35,35,35) (S 36,36,36) (S 25,25,25) (S 26,26,26) (S 14,14,14) (D 0,1,1)
0 1 10 1620 471 7 (D 0,1,1) (S 17,17,17) (S 18,18,18) (S 28,28,28) (S 41,41,41) (S 40,40,40) (D 0,1,1)
0 1 11 1631 509 7 (D 0,1,1) (S 27,27,27) (S 49,49,49) (S 70,70,70) (S 80,80,80) (S 60,60,60) (D 0,1,1)
0 1 12 1631 571 7 (D 0,1,1) (S 15,15,15) (S 89,89,89) (S 90,90,90) (S 79,79,79) (S 48,48,48) (D 0,1,1)
0 1 13 1612 899 6 (D 0,1,1) (S 87,87,87) (S 85,85,85) (S 92,92,92) (S 83,83,83) (D 0,1,1)
0 1 14 1636 645 8 (D 0,1,1) (S 42,42,42) (S 63,63,63) (S 62,62,62) (S 61,61,61) (S 50,50,50) (S 69,69,69) (D 0,1,1)
0 1 15 1631 864 10 (D 0,1,1) (S 9,9,9) (S 30,30,30) (S 93,93,93) (S 82,82,82) (S 81,81,81) (S 78,78,78) (S 59,59,59) (S 44,44,44) (D 0,1,1)
0 1 16 1407 1513 12 (D 0,1,1) (S 77,77,77) (S 68,68,68) (S 39,39,39) (S 46,46,46) (S 74,74,74) (S 51,51,51) (S 20,20,20) (S 86,86,86) (S 91,91,91) (S 19,19,19) (D 0,1,1)
