505
9
1353600
25138
0 1 1 65 30 10 (D 0,1,1) (S 2,2,2) (S 10,10,10) (S 13,13,13) (S 41,13,33) (S 14,14,14) (S 59,14,33) (S 33,33,34) (S 37,34,36) (D 0,1,1)
0 1 2 65 31 7 (D 0,1,1) (S 5,5,5) (S 9,9,9) (S 8,8,8) (S 11,11,11) (S 51,31,1) (D 0,1,1)
0 1 3 65 50 8 (D 0,1,1) (S 19,19,19) (S 34,25,1) (S 1,1,1) (S 23,23,23) (S 43,23,39) (S 50,23,16) (D 0,1,1)
0 1 4 64 31 12 (D 0,1,1) (S 3,3,3) (S 70,3,4) (S 4,4,4) (S 22,22,22) (S 28,28,28) (S 21,21,21) (S 31,21,27) (S 27,27,27) (S 26,26,26) (S 54,26,27) (D 0,1,1)
0 1 5 65 38 10 (D 0,1,1) (S 58,2,1) (S 24,24,24) (S 36,24,31) (S 44,31,6) (S 6,6,6) (S 56,6,29) (S 29,29,29) (S 52,1,5) (D 0,1,1)
0 1 6 65 60 8 (D 0,1,1) (S 65,2,3) (S 38,25,24) (S 17,17,17) (S 18,18,18) (S 16,16,16) (S 48,31,29) (D 0,1,1)
0 1 7 64 71 12 (D 0,1,1) (S 35,35,10) (S 72,13,12) (S 12,12,12) (S 68,12,37) (S 39,37,15) (S 15,15,15) (S 55,36,14) (S 71,14,33) (S 64,14,36) (S 32,31,32) (D 0,1,1)
0 1 8 63 87 15 (D 0,1,1) (S 25,25,25) (S 20,20,20) (S 63,20,21) (S 73,20,26) (S 53,26,2) (S 46,35,5) (S 66,5,9) (S 62,9,8) (S 60,38,7) (S 7,7,7) (S 74,7,32) (S 57,7,6) (S 42,30,38) (D 0,1,1)
0 1 9 43 107 10 (D 0,1,1) (S 30,6,30) (S 45,38,11) (S 67,11,38) (S 40,16,17) (S 69,39,24) (S 47,8,9) (S 61,27,28) (S 49,28,27) (D 0,1,1)
