490
10
1156600
44516
0 1 1 50 29 7 (D 0,1,1) (S 2,2,2) (S 1,1,1) (S 43,1,24) (S 23,24,22) (S 20,22,19) (D 0,1,1)
0 1 2 50 23 9 (D 0,1,1) (S 6,6,6) (S 45,6,9) (S 9,9,9) (S 31,9,29) (S 46,10,7) (S 7,7,7) (S 44,3,2) (D 0,1,1)
0 1 3 50 30 9 (D 0,1,1) (S 17,17,17) (S 38,17,26) (S 16,16,16) (S 21,16,23) (S 50,23,14) (S 14,14,14) (S 59,20,1) (D 0,1,1)
0 1 4 50 45 7 (D 0,1,1) (S 27,21,3) (S 3,3,3) (S 33,3,7) (S 5,5,5) (S 57,30,19) (D 0,1,1)
0 1 5 50 56 7 (D 0,1,1) (S 60,2,21) (S 28,21,26) (S 12,12,12) (S 13,13,13) (S 53,27,11) (D 0,1,1)
0 1 6 50 80 11 (D 0,1,1) (S 35,2,6) (S 8,8,8) (S 48,8,6) (S 10,10,10) (S 24,19,12) (S 30,28,27) (S 11,11,11) (S 58,18,22) (S 47,22,18) (D 0,1,1)
0 1 7 48 58 8 (D 0,1,1) (S 36,2,6) (S 22,24,18) (S 18,18,19) (S 32,19,30) (S 39,5,4) (S 41,7,30) (D 0,1,1)
0 1 8 50 49 8 (D 0,1,1) (S 19,21,20) (S 40,20,31) (S 49,31,20) (S 26,20,4) (S 4,4,4) (S 15,15,15) (D 0,1,1)
0 1 9 49 100 11 (D 0,1,1) (S 25,16,25) (S 29,14,15) (S 34,23,17) (S 51,26,31) (S 52,31,26) (S 54,30,11) (S 42,11,27) (S 56,11,30) (S 37,11,12) (D 0,1,1)
0 1 10 4 20 3 (D 0,1,1) (S 55,8,29) (D 0,1,1)
