155
6
551900
8103
0 1 1 27 11 6 (D 0,1,1) (S 2,2,2) (S 1,1,1) (S 27,1,8) (S 23,10,11) (D 0,1,1)
0 1 2 27 10 6 (D 0,1,1) (S 3,3,3) (S 8,3,1) (S 6,6,6) (S 7,7,7) (D 0,1,1)
0 1 3 27 26 8 (D 0,1,1) (S 17,8,10) (S 5,5,5) (S 24,5,6) (S 12,6,7) (S 18,8,5) (S 20,5,9) (D 0,1,1)
0 1 4 27 35 8 (D 0,1,1) (S 16,2,4) (S 4,4,4) (S 10,4,1) (S 11,8,9) (S 21,9,11) (S 14,1,9) (D 0,1,1)
0 1 5 25 35 6 (D 0,1,1) (S 28,2,10) (S 13,7,9) (S 15,9,3) (S 25,1,11) (D 0,1,1)
0 1 6 21 38 6 (D 0,1,1) (S 19,7,11) (S 22,11,5) (S 9,5,4) (S 26,8,11) (D 0,1,1)
