452
6
470700
5588
0 1 1 5 30 7 (D 0,1,1) (S 2,2,2) (S 25,2,9) (S 11,9,10) (S 6,6,6) (S 27,6,10) (D 0,1,1)
0 1 2 5 62 7 (D 0,1,1) (S 7,7,7) (S 26,7,10) (S 23,6,12) (S 4,4,4) (S 10,4,8) (D 0,1,1)
0 1 3 5 72 7 (D 0,1,1) (S 13,9,6) (S 14,7,11) (S 3,3,3) (S 28,3,11) (S 5,5,5) (D 0,1,1)
0 1 4 5 86 7 (D 0,1,1) (S 8,2,4) (S 1,1,1) (S 9,1,4) (S 19,4,12) (S 20,12,1) (D 0,1,1)
0 1 5 5 95 7 (D 0,1,1) (S 24,2,1) (S 29,8,5) (S 16,5,11) (S 18,3,5) (S 12,5,9) (D 0,1,1)
0 1 6 4 107 6 (D 0,1,1) (S 15,6,7) (S 21,7,12) (S 22,12,3) (S 17,3,8) (D 0,1,1)
