2689
6
407200
7564
0 1 1 1956 346 8 (D 0,1,1) (S 2,2,2) (S 32,2,13) (S 12,13,14) (S 6,6,6) (S 14,6,16) (S 30,12,18) (D 0,1,1)
0 1 2 1961 284 9 (D 0,1,1) (S 7,7,7) (S 37,7,13) (S 11,13,10) (S 1,1,1) (S 20,1,9) (S 19,9,1) (S 31,14,6) (D 0,1,1)
0 1 3 1961 408 10 (D 0,1,1) (S 21,2,1) (S 22,1,10) (S 24,10,14) (S 36,14,6) (S 38,6,7) (S 42,23,24) (S 17,19,18) (S 13,15,5) (D 0,1,1)
0 1 4 1922 439 8 (D 0,1,1) (S 35,22,16) (S 41,16,19) (S 15,15,17) (S 5,5,5) (S 28,5,21) (S 34,21,5) (D 0,1,1)
0 1 5 1963 377 9 (D 0,1,1) (S 3,3,3) (S 23,3,11) (S 10,11,12) (S 27,21,4) (S 4,4,4) (S 33,4,5) (S 40,5,18) (D 0,1,1)
0 1 6 1553 835 10 (D 0,1,1) (S 29,22,12) (S 18,11,8) (S 9,9,10) (S 16,18,15) (S 25,4,20) (S 39,4,17) (S 26,5,4) (S 8,8,3) (D 0,1,1)
