459
10
833900
25255
0 1 1 50 30 8 (D 0,1,1) (S 2,2,2) (S 1,1,1) (S 47,1,2) (S 50,2,1) (S 7,7,7) (S 32,25,29) (D 0,1,1)
0 1 2 50 40 8 (D 0,1,1) (S 20,2,3) (S 3,3,3) (S 26,3,18) (S 13,13,13) (S 35,13,20) (S 8,8,8) (D 0,1,1)
0 1 3 50 42 9 (D 0,1,1) (S 17,17,17) (S 36,17,24) (S 31,25,5) (S 5,5,5) (S 38,5,6) (S 40,5,28) (S 49,28,8) (D 0,1,1)
0 1 4 50 48 7 (D 0,1,1) (S 52,7,6) (S 6,6,6) (S 29,7,8) (S 12,12,12) (S 4,4,4) (D 0,1,1)
0 1 5 49 45 7 (D 0,1,1) (S 33,30,18) (S 18,18,13) (S 23,13,19) (S 19,19,20) (S 53,19,12) (D 0,1,1)
0 1 6 49 32 9 (D 0,1,1) (S 63,1,24) (S 27,24,25) (S 16,16,16) (S 15,15,15) (S 37,15,21) (S 14,14,14) (S 25,14,21) (D 0,1,1)
0 1 7 49 53 9 (D 0,1,1) (S 59,29,26) (S 41,26,15) (S 21,22,21) (S 24,22,16) (S 30,27,28) (S 42,28,5) (S 57,25,4) (D 0,1,1)
0 1 8 50 60 13 (D 0,1,1) (S 61,1,24) (S 62,28,31) (S 55,31,11) (S 11,11,11) (S 58,11,27) (S 9,9,9) (S 39,9,27) (S 45,27,9) (S 10,10,10) (S 60,10,9) (S 44,30,3) (D 0,1,1)
0 1 9 49 87 11 (D 0,1,1) (S 22,20,23) (S 51,12,8) (S 56,8,12) (S 54,8,18) (S 46,8,28) (S 43,5,4) (S 34,4,27) (S 48,27,4) (S 28,25,26) (D 0,1,1)
0 1 10 5 22 3 (D 0,1,1) (S 64,17,29) (D 0,1,1)
