155
8
292700
5073
0 1 1 27 6 5 (D 0,1,1) (S 2,2,2) (S 17,2,11) (S 4,4,4) (D 0,1,1)
0 1 2 27 8 6 (D 0,1,1) (S 1,1,1) (S 6,6,6) (S 19,6,2) (S 7,7,7) (D 0,1,1)
0 1 3 27 8 5 (D 0,1,1) (S 3,3,3) (S 8,8,8) (S 28,9,6) (D 0,1,1)
0 1 4 27 15 8 (D 0,1,1) (S 18,2,9) (S 22,9,7) (S 32,9,5) (S 5,5,5) (S 26,9,10) (S 30,10,1) (D 0,1,1)
0 1 5 27 20 7 (D 0,1,1) (S 16,9,11) (S 31,10,3) (S 9,3,8) (S 12,8,6) (S 29,6,11) (D 0,1,1)
0 1 6 27 33 7 (D 0,1,1) (S 14,6,4) (S 13,4,7) (S 27,1,4) (S 33,4,11) (S 25,2,3) (D 0,1,1)
0 1 7 26 32 6 (D 0,1,1) (S 20,11,8) (S 10,3,6) (S 23,10,4) (S 15,1,2) (D 0,1,1)
0 1 8 17 33 5 (D 0,1,1) (S 21,4,3) (S 11,7,5) (S 24,1,8) (D 0,1,1)
