485
7
282700
7449
0 1 1 41 36 7 (D 0,1,1) (S 2,2,2) (S 23,2,3) (S 3,3,3) (S 21,3,10) (S 24,10,9) (D 0,1,1)
0 1 2 41 28 6 (D 0,1,1) (S 1,1,1) (S 20,1,8) (S 25,8,9) (S 4,4,4) (D 0,1,1)
0 1 3 40 30 5 (D 0,1,1) (S 10,2,10) (S 11,10,4) (S 16,4,7) (D 0,1,1)
0 1 4 41 54 6 (D 0,1,1) (S 14,2,1) (S 5,5,5) (S 17,5,1) (S 13,8,4) (D 0,1,1)
0 1 5 40 53 5 (D 0,1,1) (S 6,6,6) (S 15,10,8) (S 9,9,4) (D 0,1,1)
0 1 6 34 154 8 (D 0,1,1) (S 18,3,9) (S 12,4,5) (S 8,5,8) (S 22,9,6) (S 19,6,7) (S 26,4,3) (D 0,1,1)
0 1 7 8 130 3 (D 0,1,1) (S 7,7,5) (D 0,1,1)
