766
7
1590800
64448
0 1 1 198 61 24 (D 0,1,1) (S 2,2,2) (S 29,29,29) (S 90,29,20) (S 20,20,20) (S 156,20,29) (S 47,29,2) (S 113,2,29) (S 87,20,40) (S 8,8,8) (S 83,8,27) (S 27,27,27) (S 149,27,8) (S 85,8,40) (S 151,40,8) (S 94,25,33) (S 41,33,18) (S 18,18,18) (S 10,10,10) (S 40,10,18) (S 106,18,10) (S 5,5,5) (S 13,13,13) (D 0,1,1)
0 1 2 200 82 25 (D 0,1,1) (S 45,2,30) (S 30,30,30) (S 42,30,22) (S 22,22,22) (S 108,22,30) (S 111,30,2) (S 153,20,40) (S 89,40,34) (S 25,25,25) (S 160,25,33) (S 107,33,18) (S 14,14,14) (S 35,14,31) (S 101,31,14) (S 58,14,36) (S 11,11,11) (S 55,11,35) (S 121,35,11) (S 7,7,7) (S 64,7,11) (S 65,11,36) (S 124,36,14) (S 31,31,18) (D 0,1,1)
0 1 3 198 87 26 (D 0,1,1) (S 68,9,19) (S 19,19,19) (S 134,19,9) (S 9,9,9) (S 62,9,13) (S 17,17,17) (S 61,17,13) (S 50,13,5) (S 116,5,13) (S 127,13,17) (S 60,17,26) (S 26,26,26) (S 49,26,10) (S 32,10,31) (S 23,23,23) (S 78,23,39) (S 15,15,15) (S 80,15,3) (S 3,3,3) (S 146,3,15) (S 81,15,16) (S 16,16,16) (S 147,16,15) (S 24,24,24) (D 0,1,1)
0 1 4 200 102 30 (D 0,1,1) (S 96,29,34) (S 155,34,40) (S 88,40,25) (S 95,25,34) (S 161,34,25) (S 86,25,8) (S 152,8,25) (S 44,25,22) (S 39,22,18) (S 37,31,24) (S 103,24,31) (S 98,31,10) (S 115,10,26) (S 126,26,17) (S 67,17,28) (S 28,28,28) (S 4,4,4) (S 1,1,1) (S 12,12,12) (S 74,12,1) (S 72,1,4) (S 138,4,1) (S 140,1,12) (S 76,12,38) (S 75,38,37) (S 141,37,38) (S 142,38,12) (S 73,4,38) (D 0,1,1)
0 1 5 200 134 26 (D 0,1,1) (S 162,29,34) (S 46,34,30) (S 112,30,34) (S 93,33,24) (S 159,24,33) (S 84,33,27) (S 150,27,33) (S 105,18,22) (S 43,22,5) (S 48,5,10) (S 114,10,5) (S 63,13,19) (S 129,19,13) (S 128,13,9) (S 69,9,1) (S 135,1,9) (S 66,9,17) (S 133,17,28) (S 71,28,37) (S 137,37,28) (S 70,28,4) (S 139,4,38) (S 136,4,28) (S 132,17,9) (D 0,1,1)
0 1 6 200 132 23 (D 0,1,1) (S 79,16,39) (S 145,39,16) (S 91,16,23) (S 144,23,39) (S 77,39,15) (S 143,15,39) (S 36,23,31) (S 38,31,32) (S 104,32,31) (S 33,31,21) (S 21,21,21) (S 51,21,35) (S 6,6,6) (S 54,6,35) (S 120,35,6) (S 56,6,36) (S 131,36,11) (S 130,11,7) (S 52,7,21) (S 117,21,35) (S 154,25,40) (D 0,1,1)
0 1 7 176 168 22 (D 0,1,1) (S 110,22,25) (S 82,24,3) (S 148,3,24) (S 92,24,16) (S 157,16,23) (S 102,23,31) (S 99,31,21) (S 53,21,32) (S 119,32,21) (S 118,21,7) (S 34,6,31) (S 97,31,18) (S 100,31,6) (S 122,6,36) (S 57,14,26) (S 59,26,13) (S 125,13,26) (S 123,26,14) (S 158,24,16) (S 109,5,22) (D 0,1,1)
