14668
24
11155100
80779
0 1 1 148 212 6 (D 0,1,1) (S 2,2,2) (S 6,6,6) (S 61,6,58) (S 66,62,63) (D 0,1,1)
0 1 2 148 289 8 (D 0,1,1) (S 23,23,23) (S 48,46,47) (S 49,47,48) (S 22,22,22) (S 67,47,63) (S 64,61,60) (D 0,1,1)
0 1 3 148 340 10 (D 0,1,1) (S 136,6,58) (S 60,58,14) (S 14,14,14) (S 57,14,55) (S 58,55,56) (S 59,56,57) (S 134,57,56) (S 56,54,53) (D 0,1,1)
0 1 4 150 352 11 (D 0,1,1) (S 142,63,47) (S 123,47,46) (S 47,46,42) (S 43,42,41) (S 44,41,43) (S 45,43,44) (S 120,44,43) (S 51,46,49) (S 126,49,46) (D 0,1,1)
0 1 5 150 661 6 (D 0,1,1) (S 85,80,81) (S 1,1,1) (S 86,1,79) (S 161,79,1) (D 0,1,1)
0 1 6 149 662 7 (D 0,1,1) (S 160,80,81) (S 84,80,79) (S 89,79,83) (S 90,83,84) (S 165,84,83) (D 0,1,1)
0 1 7 150 916 9 (D 0,1,1) (S 135,58,14) (S 132,14,55) (S 133,55,56) (S 42,39,40) (S 5,5,5) (S 37,15,36) (S 79,73,74) (D 0,1,1)
0 1 8 150 611 8 (D 0,1,1) (S 117,39,40) (S 52,40,5) (S 41,5,28) (S 29,28,27) (S 27,27,26) (S 112,36,15) (D 0,1,1)
0 1 9 150 570 13 (D 0,1,1) (S 141,62,63) (S 65,62,61) (S 139,61,60) (S 63,60,6) (S 62,6,59) (S 137,59,6) (S 138,6,60) (S 140,61,62) (S 96,89,85) (S 91,85,84) (S 166,84,85) (D 0,1,1)
0 1 10 149 487 8 (D 0,1,1) (S 171,89,85) (S 83,79,78) (S 82,78,77) (S 81,77,76) (S 80,76,75) (S 155,75,76) (D 0,1,1)
0 1 11 148 365 12 (D 0,1,1) (S 68,64,49) (S 143,49,64) (S 69,64,65) (S 70,65,66) (S 71,66,67) (S 72,67,68) (S 11,11,11) (S 7,7,7) (S 76,7,71) (S 151,71,7) (D 0,1,1)
0 1 12 150 348 12 (D 0,1,1) (S 144,64,65) (S 145,65,66) (S 146,66,67) (S 147,67,68) (S 73,68,69) (S 74,69,70) (S 75,70,7) (S 10,10,10) (S 150,7,70) (S 149,70,69) (D 0,1,1)
0 1 13 150 583 12 (D 0,1,1) (S 100,28,36) (S 15,15,15) (S 12,12,12) (S 39,12,15) (S 38,15,37) (S 113,37,15) (S 114,15,12) (S 36,36,35) (S 50,39,48) (S 125,48,39) (D 0,1,1)
0 1 14 150 657 9 (D 0,1,1) (S 175,28,36) (S 111,36,35) (S 35,35,34) (S 34,34,32) (S 33,32,33) (S 108,33,32) (S 32,30,31) (D 0,1,1)
0 1 15 150 580 7 (D 0,1,1) (S 20,20,20) (S 98,91,8) (S 8,8,8) (S 173,8,91) (S 97,91,90) (D 0,1,1)
0 1 16 150 906 8 (D 0,1,1) (S 104,28,27) (S 24,24,24) (S 3,3,3) (S 26,3,26) (S 131,53,54) (S 154,73,74) (D 0,1,1)
0 1 17 149 523 10 (D 0,1,1) (S 119,41,43) (S 46,44,45) (S 121,45,44) (S 118,41,42) (S 122,42,46) (S 124,47,48) (S 54,50,51) (S 99,51,53) (D 0,1,1)
0 1 18 148 792 9 (D 0,1,1) (S 16,16,16) (S 148,68,69) (S 18,18,18) (S 4,4,4) (S 172,91,90) (S 95,25,87) (S 88,83,1) (D 0,1,1)
0 1 19 149 855 12 (D 0,1,1) (S 129,50,51) (S 174,51,53) (S 55,53,52) (S 130,52,53) (S 17,17,17) (S 53,17,50) (S 128,50,17) (S 116,5,28) (S 30,28,29) (S 77,13,72) (D 0,1,1)
0 1 20 150 880 13 (D 0,1,1) (S 158,78,79) (S 159,79,80) (S 164,79,83) (S 163,83,1) (S 87,1,82) (S 162,82,1) (S 157,78,77) (S 156,77,76) (S 13,13,13) (S 152,13,72) (S 127,40,5) (D 0,1,1)
0 1 21 145 698 8 (D 0,1,1) (S 28,27,21) (S 21,21,21) (S 103,21,27) (S 102,27,26) (S 101,26,3) (S 105,28,29) (D 0,1,1)
0 1 22 140 748 7 (D 0,1,1) (S 9,9,9) (S 109,32,34) (S 110,34,35) (S 40,12,38) (S 115,38,12) (D 0,1,1)
0 1 23 148 554 10 (D 0,1,1) (S 170,25,87) (S 93,87,19) (S 19,19,19) (S 92,19,86) (S 167,86,19) (S 168,19,87) (S 94,87,88) (S 169,88,87) (D 0,1,1)
0 1 24 94 1079 8 (D 0,1,1) (S 78,72,73) (S 153,73,72) (S 25,25,25) (S 107,30,31) (S 31,30,29) (S 106,29,30) (D 0,1,1)
