400
10
737200
10326
0 1 1 27 28 5 (D 0,1,1) (S 2,2,2) (S 6,6,6) (S 23,18,23) (D 0,1,1)
0 1 2 27 19 5 (D 0,1,1) (S 5,5,5) (S 36,5,4) (S 16,3,11) (D 0,1,1)
0 1 3 27 15 4 (D 0,1,1) (S 3,3,3) (S 4,4,4) (D 0,1,1)
0 1 4 27 28 6 (D 0,1,1) (S 14,14,14) (S 13,13,13) (S 32,13,24) (S 30,13,18) (D 0,1,1)
0 1 5 27 34 6 (D 0,1,1) (S 1,1,1) (S 11,11,11) (S 25,21,16) (S 17,11,17) (D 0,1,1)
0 1 6 27 38 5 (D 0,1,1) (S 19,19,18) (S 8,8,8) (S 10,10,10) (D 0,1,1)
0 1 7 27 41 8 (D 0,1,1) (S 27,2,5) (S 7,7,7) (S 26,10,12) (S 12,12,12) (S 35,12,8) (S 39,8,7) (D 0,1,1)
0 1 8 27 61 9 (D 0,1,1) (S 24,2,3) (S 34,22,26) (S 29,26,25) (S 20,5,6) (S 40,19,21) (S 21,17,7) (S 38,5,25) (D 0,1,1)
0 1 9 27 64 7 (D 0,1,1) (S 15,16,15) (S 33,27,12) (S 18,12,13) (S 28,24,23) (S 37,27,15) (D 0,1,1)
0 1 10 15 72 6 (D 0,1,1) (S 31,21,15) (S 41,8,27) (S 22,12,23) (S 9,9,9) (D 0,1,1)
