17821
26
2177100
98381
0 1 1 190 456 10 (D 0,1,1) (S 2,2,2) (S 1,1,1) (S 88,1,68) (S 87,68,66) (S 8,8,8) (S 83,8,65) (S 94,65,20) (S 75,60,62) (D 0,1,1)
0 1 2 190 242 10 (D 0,1,1) (S 89,2,1) (S 90,1,69) (S 177,69,1) (S 175,1,68) (S 91,68,70) (S 92,70,6) (S 6,6,6) (S 178,70,68) (D 0,1,1)
0 1 3 190 684 8 (D 0,1,1) (S 176,2,1) (S 179,70,6) (S 82,8,11) (S 11,11,11) (S 18,18,18) (S 76,61,62) (D 0,1,1)
0 1 4 190 766 10 (D 0,1,1) (S 169,8,11) (S 81,11,18) (S 12,12,12) (S 80,12,64) (S 167,64,12) (S 86,66,67) (S 181,65,20) (S 74,59,61) (D 0,1,1)
0 1 5 189 550 9 (D 0,1,1) (S 84,65,28) (S 13,13,13) (S 29,13,27) (S 28,27,26) (S 27,26,25) (S 26,25,23) (S 113,23,25) (D 0,1,1)
0 1 6 190 582 10 (D 0,1,1) (S 171,65,28) (S 30,28,29) (S 31,29,30) (S 32,30,31) (S 33,31,32) (S 120,32,31) (S 34,31,33) (S 121,33,31) (D 0,1,1)
0 1 7 190 462 9 (D 0,1,1) (S 173,66,67) (S 85,66,8) (S 93,8,20) (S 20,20,20) (S 180,20,8) (S 170,8,65) (S 66,54,9) (D 0,1,1)
0 1 8 190 616 8 (D 0,1,1) (S 95,20,22) (S 16,16,16) (S 10,10,10) (S 22,10,16) (S 21,16,21) (S 68,54,55) (D 0,1,1)
0 1 9 190 775 8 (D 0,1,1) (S 182,20,22) (S 23,22,16) (S 108,16,21) (S 24,22,23) (S 25,23,24) (S 161,59,61) (D 0,1,1)
0 1 10 189 726 12 (D 0,1,1) (S 174,68,66) (S 172,66,8) (S 65,54,53) (S 168,18,11) (S 64,52,49) (S 63,49,50) (S 62,50,51) (S 149,51,50) (S 150,50,49) (S 106,60,37) (D 0,1,1)
0 1 11 189 542 11 (D 0,1,1) (S 152,53,54) (S 9,9,9) (S 67,9,55) (S 69,55,56) (S 70,56,57) (S 157,57,56) (S 71,56,58) (S 72,58,59) (S 193,60,37) (D 0,1,1)
0 1 12 189 650 7 (D 0,1,1) (S 57,49,46) (S 54,46,45) (S 52,45,44) (S 139,44,45) (S 102,15,19) (D 0,1,1)
0 1 13 188 744 8 (D 0,1,1) (S 144,49,46) (S 55,46,47) (S 58,47,5) (S 5,5,5) (S 145,5,47) (S 43,38,39) (D 0,1,1)
0 1 14 188 747 6 (D 0,1,1) (S 59,4,47) (S 142,47,46) (S 56,46,48) (S 53,45,15) (D 0,1,1)
0 1 15 189 680 7 (D 0,1,1) (S 146,4,47) (S 141,46,45) (S 140,45,15) (S 47,15,40) (S 130,39,38) (D 0,1,1)
0 1 16 190 900 8 (D 0,1,1) (S 101,3,73) (S 97,73,72) (S 96,72,71) (S 100,74,75) (S 98,74,72) (S 184,72,73) (D 0,1,1)
0 1 17 188 898 8 (D 0,1,1) (S 188,3,73) (S 99,73,74) (S 185,74,72) (S 183,72,71) (S 187,74,75) (S 186,74,73) (D 0,1,1)
0 1 18 189 676 9 (D 0,1,1) (S 111,22,23) (S 112,23,24) (S 114,25,26) (S 115,26,27) (S 116,27,13) (S 117,28,29) (S 118,29,30) (D 0,1,1)
0 1 19 187 590 13 (D 0,1,1) (S 107,65,54) (S 153,54,9) (S 154,9,55) (S 155,55,54) (S 194,54,65) (S 156,55,56) (S 158,56,58) (S 73,58,60) (S 160,60,58) (S 159,58,59) (S 78,62,39) (D 0,1,1)
0 1 20 190 725 10 (D 0,1,1) (S 40,37,35) (S 37,35,3) (S 3,3,3) (S 36,3,34) (S 35,34,14) (S 14,14,14) (S 103,76,36) (S 77,61,63) (D 0,1,1)
0 1 21 189 685 10 (D 0,1,1) (S 127,37,35) (S 38,35,36) (S 39,36,3) (S 123,3,34) (S 104,34,33) (S 105,33,76) (S 190,76,36) (S 163,61,62) (D 0,1,1)
0 1 22 190 802 10 (D 0,1,1) (S 143,46,48) (S 15,15,15) (S 19,19,19) (S 17,17,17) (S 44,17,39) (S 131,39,17) (S 45,17,19) (S 162,60,62) (D 0,1,1)
0 1 23 189 742 8 (D 0,1,1) (S 124,35,3) (S 126,3,36) (S 125,36,35) (S 79,35,59) (S 166,59,35) (S 192,76,33) (D 0,1,1)
0 1 24 187 744 13 (D 0,1,1) (S 61,50,4) (S 4,4,4) (S 7,7,7) (S 60,7,4) (S 147,4,7) (S 148,4,50) (S 151,49,52) (S 165,62,39) (S 42,38,19) (S 129,19,38) (S 41,38,37) (D 0,1,1)
0 1 25 188 766 13 (D 0,1,1) (S 51,17,43) (S 50,43,42) (S 49,42,40) (S 46,40,17) (S 132,17,19) (S 189,19,15) (S 134,15,40) (S 48,40,41) (S 135,41,40) (S 133,40,17) (S 136,40,42) (D 0,1,1)
0 1 26 147 1071 11 (D 0,1,1) (S 138,17,43) (S 137,43,42) (S 128,38,37) (S 164,61,63) (S 122,34,14) (S 191,34,33) (S 119,31,30) (S 110,22,16) (S 109,16,10) (D 0,1,1)
