551
7
297200
14248
0 1 1 39 18 7 (D 0,1,1) (S 2,2,2) (S 17,2,5) (S 5,5,5) (S 1,1,1) (S 3,3,3) (D 0,1,1)
0 1 2 41 26 5 (D 0,1,1) (S 16,2,1) (S 4,4,4) (S 19,3,10) (D 0,1,1)
0 1 3 41 104 6 (D 0,1,1) (S 24,2,10) (S 6,6,6) (S 11,6,5) (S 9,6,7) (D 0,1,1)
0 1 4 41 56 5 (D 0,1,1) (S 7,7,7) (S 18,4,3) (S 22,2,6) (D 0,1,1)
0 1 5 40 95 6 (D 0,1,1) (S 21,10,6) (S 15,10,1) (S 14,1,4) (S 12,7,8) (D 0,1,1)
0 1 6 35 120 6 (D 0,1,1) (S 13,5,4) (S 20,10,8) (S 10,8,6) (S 8,6,4) (D 0,1,1)
0 1 7 8 132 3 (D 0,1,1) (S 23,9,8) (D 0,1,1)
