820
9
586800
31775
0 1 1 75 46 8 (D 0,1,1) (S 2,2,2) (S 1,1,1) (S 6,6,6) (S 37,6,21) (S 9,9,9) (S 31,9,21) (D 0,1,1)
0 1 2 75 51 12 (D 0,1,1) (S 19,2,5) (S 5,5,5) (S 51,34,2) (S 35,2,22) (S 22,22,23) (S 81,23,7) (S 7,7,7) (S 30,7,29) (S 38,29,32) (S 48,32,4) (D 0,1,1)
0 1 3 75 76 8 (D 0,1,1) (S 78,23,11) (S 11,11,11) (S 10,10,10) (S 13,13,13) (S 66,13,19) (S 18,19,18) (D 0,1,1)
0 1 4 75 77 12 (D 0,1,1) (S 28,22,4) (S 4,4,4) (S 23,4,24) (S 71,24,22) (S 72,22,24) (S 55,24,1) (S 58,1,32) (S 24,7,25) (S 17,17,17) (S 32,25,11) (D 0,1,1)
0 1 5 74 90 15 (D 0,1,1) (S 43,2,24) (S 29,23,28) (S 12,12,12) (S 40,12,17) (S 16,16,16) (S 27,16,14) (S 14,14,14) (S 61,14,17) (S 45,16,15) (S 15,15,15) (S 62,15,27) (S 26,27,19) (S 57,18,13) (D 0,1,1)
0 1 6 75 98 11 (D 0,1,1) (S 50,20,8) (S 8,8,8) (S 44,8,21) (S 21,21,20) (S 82,20,26) (S 25,26,1) (S 36,10,31) (S 34,31,30) (S 41,30,33) (D 0,1,1)
0 1 7 74 113 16 (D 0,1,1) (S 39,22,5) (S 67,5,34) (S 85,5,22) (S 52,7,10) (S 64,10,33) (S 73,33,29) (S 79,29,33) (S 68,33,30) (S 33,30,27) (S 75,27,15) (S 46,15,16) (S 20,14,11) (S 56,25,14) (S 70,14,31) (D 0,1,1)
0 1 8 74 173 16 (D 0,1,1) (S 65,5,12) (S 83,12,28) (S 76,28,5) (S 84,5,28) (S 54,28,12) (S 59,33,9) (S 77,9,33) (S 3,3,3) (S 53,3,20) (S 47,20,26) (S 74,26,3) (S 42,3,6) (S 60,21,8) (S 63,3,26) (D 0,1,1)
0 1 9 17 96 5 (D 0,1,1) (S 80,8,18) (S 69,31,14) (S 49,15,31) (D 0,1,1)
