805
9
1040200
33625
0 1 1 75 49 8 (D 0,1,1) (S 2,2,2) (S 3,3,3) (S 1,1,1) (S 34,1,25) (S 10,10,10) (S 64,10,32) (D 0,1,1)
0 1 2 74 58 12 (D 0,1,1) (S 8,8,8) (S 25,8,24) (S 62,24,23) (S 24,23,11) (S 11,11,11) (S 6,6,6) (S 13,13,13) (S 12,12,12) (S 27,12,25) (S 5,5,5) (D 0,1,1)
0 1 3 75 76 11 (D 0,1,1) (S 55,2,8) (S 7,7,7) (S 51,7,6) (S 32,11,25) (S 26,25,10) (S 38,10,4) (S 4,4,4) (S 44,4,32) (S 45,32,18) (D 0,1,1)
0 1 4 75 65 10 (D 0,1,1) (S 79,24,28) (S 17,17,17) (S 21,21,21) (S 22,22,22) (S 83,22,17) (S 29,27,23) (S 76,23,13) (S 41,13,27) (D 0,1,1)
0 1 5 75 93 11 (D 0,1,1) (S 47,2,1) (S 35,1,30) (S 37,31,15) (S 15,15,15) (S 31,15,29) (S 20,20,20) (S 75,20,29) (S 33,29,19) (S 63,19,31) (D 0,1,1)
0 1 6 73 78 13 (D 0,1,1) (S 39,8,3) (S 54,3,33) (S 9,9,9) (S 53,9,8) (S 28,24,26) (S 14,14,14) (S 40,14,28) (S 42,28,27) (S 72,27,17) (S 30,17,28) (S 85,13,23) (D 0,1,1)
0 1 7 75 145 16 (D 0,1,1) (S 46,2,3) (S 67,8,9) (S 61,9,33) (S 66,33,9) (S 52,9,26) (S 78,26,14) (S 77,14,22) (S 60,17,16) (S 16,16,16) (S 59,16,17) (S 69,14,9) (S 58,9,26) (S 80,26,14) (S 65,34,15) (D 0,1,1)
0 1 8 73 141 16 (D 0,1,1) (S 48,7,23) (S 84,11,34) (S 73,34,13) (S 70,34,12) (S 36,12,31) (S 19,19,19) (S 18,18,18) (S 23,18,19) (S 50,18,31) (S 82,31,18) (S 86,12,34) (S 81,34,15) (S 49,23,7) (S 43,5,4) (D 0,1,1)
0 1 9 19 100 7 (D 0,1,1) (S 74,4,5) (S 56,5,25) (S 68,25,5) (S 57,5,30) (S 71,16,20) (D 0,1,1)
