9698
14
2632800
47903
0 1 1 304 625 10 (D 0,1,1) (S 2,2,2) (S 57,2,52) (S 58,52,53) (S 59,53,54) (S 22,22,22) (S 61,53,55) (S 73,60,8) (S 72,13,1) (D 0,1,1)
0 1 2 304 321 15 (D 0,1,1) (S 88,2,51) (S 27,27,27) (S 21,21,21) (S 9,9,9) (S 13,13,13) (S 37,37,37) (S 7,7,7) (S 67,7,58) (S 66,58,57) (S 6,6,6) (S 64,6,56) (S 65,56,57) (S 118,58,7) (D 0,1,1)
0 1 3 304 580 11 (D 0,1,1) (S 108,2,52) (S 109,52,53) (S 60,53,15) (S 15,15,15) (S 111,15,53) (S 110,53,54) (S 18,18,18) (S 23,23,23) (S 71,9,13) (D 0,1,1)
0 1 4 304 384 13 (D 0,1,1) (S 139,2,51) (S 56,51,21) (S 55,21,50) (S 54,50,40) (S 40,40,40) (S 30,30,30) (S 39,39,39) (S 16,16,16) (S 4,4,4) (S 49,4,16) (S 48,16,39) (D 0,1,1)
0 1 5 305 966 11 (D 0,1,1) (S 29,29,29) (S 25,25,25) (S 112,53,55) (S 20,20,20) (S 28,28,28) (S 8,8,8) (S 124,8,60) (S 38,38,38) (S 100,16,4) (D 0,1,1)
0 1 6 305 420 18 (D 0,1,1) (S 107,51,21) (S 106,21,50) (S 90,50,59) (S 1,1,1) (S 123,1,13) (S 122,13,9) (S 69,9,37) (S 68,37,58) (S 117,58,57) (S 34,34,34) (S 36,36,36) (S 85,36,24) (S 24,24,24) (S 76,24,34) (S 86,34,36) (S 120,37,9) (D 0,1,1)
0 1 7 305 697 10 (D 0,1,1) (S 19,19,19) (S 63,56,28) (S 114,28,56) (S 91,56,34) (S 77,34,17) (S 17,17,17) (S 99,39,16) (S 141,50,59) (D 0,1,1)
0 1 8 302 466 11 (D 0,1,1) (S 105,50,40) (S 52,40,48) (S 51,48,32) (S 32,32,32) (S 50,32,47) (S 101,47,32) (S 102,32,48) (S 103,48,40) (S 53,40,49) (D 0,1,1)
0 1 9 301 608 12 (D 0,1,1) (S 128,34,17) (S 5,5,5) (S 45,5,46) (S 96,46,5) (S 46,17,30) (S 47,30,39) (S 98,39,30) (S 97,30,17) (S 89,65,49) (S 140,49,65) (D 0,1,1)
0 1 10 298 687 11 (D 0,1,1) (S 87,36,44) (S 43,44,42) (S 41,42,41) (S 92,41,42) (S 42,42,43) (S 93,43,42) (S 94,42,44) (S 44,44,45) (S 10,10,10) (D 0,1,1)
0 1 11 304 1073 11 (D 0,1,1) (S 138,36,44) (S 95,44,45) (S 75,24,26) (S 26,26,26) (S 74,26,61) (S 125,61,26) (S 62,23,55) (S 113,55,23) (S 82,14,38) (D 0,1,1)
0 1 12 298 804 11 (D 0,1,1) (S 126,24,26) (S 78,24,62) (S 79,62,11) (S 11,11,11) (S 130,11,62) (S 80,62,63) (S 81,63,14) (S 14,14,14) (S 133,14,38) (D 0,1,1)
0 1 13 304 1210 13 (D 0,1,1) (S 104,40,49) (S 35,35,35) (S 12,12,12) (S 33,33,33) (S 3,3,3) (S 84,64,31) (S 31,31,31) (S 135,31,64) (S 83,64,63) (S 131,63,62) (S 132,63,14) (D 0,1,1)
0 1 14 199 857 13 (D 0,1,1) (S 142,56,34) (S 127,34,24) (S 129,24,62) (S 136,24,36) (S 137,36,34) (S 116,56,57) (S 115,6,56) (S 119,58,37) (S 70,37,59) (S 121,59,37) (S 134,63,64) (D 0,1,1)
