507
8
681600
17307
0 1 1 45 34 7 (D 0,1,1) (S 2,2,2) (S 6,6,6) (S 13,13,13) (S 9,9,9) (S 33,1,22) (D 0,1,1)
0 1 2 45 62 9 (D 0,1,1) (S 1,1,1) (S 19,3,2) (S 22,2,22) (S 4,4,4) (S 27,1,3) (S 3,3,3) (S 29,18,11) (D 0,1,1)
0 1 3 45 85 7 (D 0,1,1) (S 43,24,23) (S 26,24,13) (S 21,21,17) (S 16,17,14) (S 11,11,11) (D 0,1,1)
0 1 4 45 71 8 (D 0,1,1) (S 30,24,19) (S 18,19,17) (S 14,14,14) (S 28,14,21) (S 31,21,9) (S 32,8,11) (D 0,1,1)
0 1 5 45 56 6 (D 0,1,1) (S 5,5,5) (S 25,5,7) (S 7,7,7) (S 37,10,11) (D 0,1,1)
0 1 6 43 61 10 (D 0,1,1) (S 39,6,24) (S 47,24,6) (S 23,4,7) (S 8,8,8) (S 10,10,10) (S 38,10,11) (S 12,12,12) (S 46,12,11) (D 0,1,1)
0 1 7 45 52 8 (D 0,1,1) (S 35,4,5) (S 34,5,15) (S 15,15,16) (S 44,16,20) (S 20,20,12) (S 41,11,8) (D 0,1,1)
0 1 8 45 86 9 (D 0,1,1) (S 45,4,5) (S 24,18,20) (S 42,20,16) (S 17,15,18) (S 40,9,21) (S 48,9,13) (S 36,23,7) (D 0,1,1)
