418
10
713300
11300
0 1 1 27 10 6 (D 0,1,1) (S 2,2,2) (S 26,2,22) (S 1,1,1) (S 21,15,20) (D 0,1,1)
0 1 2 27 11 5 (D 0,1,1) (S 15,15,1) (S 3,3,3) (S 45,3,25) (D 0,1,1)
0 1 3 27 33 6 (D 0,1,1) (S 25,22,3) (S 4,4,4) (S 29,20,17) (S 5,5,5) (D 0,1,1)
0 1 4 27 28 4 (D 0,1,1) (S 6,6,6) (S 8,8,8) (D 0,1,1)
0 1 5 27 31 7 (D 0,1,1) (S 37,17,24) (S 28,24,23) (S 33,23,21) (S 24,21,15) (S 30,25,26) (D 0,1,1)
0 1 6 27 46 7 (D 0,1,1) (S 39,22,27) (S 10,10,10) (S 14,14,11) (S 11,11,11) (S 35,5,13) (D 0,1,1)
0 1 7 27 45 7 (D 0,1,1) (S 19,17,19) (S 20,19,5) (S 13,13,12) (S 41,12,14) (S 23,12,18) (D 0,1,1)
0 1 8 27 40 6 (D 0,1,1) (S 16,16,9) (S 9,9,9) (S 38,16,18) (S 46,13,11) (D 0,1,1)
0 1 9 27 71 9 (D 0,1,1) (S 42,2,19) (S 22,19,3) (S 31,3,5) (S 12,5,11) (S 27,14,9) (S 18,9,18) (S 32,6,7) (D 0,1,1)
0 1 10 15 103 9 (D 0,1,1) (S 44,17,23) (S 17,17,13) (S 36,3,4) (S 40,2,20) (S 43,23,8) (S 34,6,21) (S 7,7,7) (D 0,1,1)
