206
10
642800
11928
0 1 1 27 4 5 (D 0,1,1) (S 2,2,2) (S 6,6,6) (S 8,8,8) (D 0,1,1)
0 1 2 27 9 5 (D 0,1,1) (S 10,10,10) (S 5,5,5) (S 19,5,3) (D 0,1,1)
0 1 3 27 7 4 (D 0,1,1) (S 3,3,3) (S 42,3,11) (D 0,1,1)
0 1 4 27 14 6 (D 0,1,1) (S 4,4,4) (S 7,7,7) (S 22,6,8) (S 34,2,10) (D 0,1,1)
0 1 5 27 8 4 (D 0,1,1) (S 1,1,1) (S 39,1,6) (D 0,1,1)
0 1 6 27 22 8 (D 0,1,1) (S 24,2,6) (S 36,11,4) (S 35,3,1) (S 15,1,5) (S 37,5,10) (S 14,11,2) (D 0,1,1)
0 1 7 27 23 7 (D 0,1,1) (S 9,9,9) (S 31,5,7) (S 38,7,8) (S 12,8,9) (S 17,9,6) (D 0,1,1)
0 1 8 27 25 6 (D 0,1,1) (S 21,2,8) (S 18,6,5) (S 40,1,2) (S 23,6,3) (D 0,1,1)
0 1 9 27 43 9 (D 0,1,1) (S 29,2,7) (S 41,7,6) (S 16,2,3) (S 13,9,10) (S 20,10,8) (S 33,6,10) (S 28,3,8) (D 0,1,1)
0 1 10 23 51 8 (D 0,1,1) (S 27,4,1) (S 11,7,4) (S 32,4,8) (S 25,7,10) (S 30,4,9) (S 26,9,5) (D 0,1,1)
