664
10
1064700
33510
0 1 1 75 36 10 (D 0,1,1) (S 2,2,2) (S 6,6,6) (S 7,7,7) (S 8,8,8) (S 45,8,13) (S 13,13,13) (S 20,20,20) (S 23,23,23) (D 0,1,1)
0 1 2 75 49 9 (D 0,1,1) (S 64,2,47) (S 1,1,1) (S 21,21,21) (S 35,35,35) (S 34,34,34) (S 27,27,27) (S 70,36,49) (D 0,1,1)
0 1 3 75 52 12 (D 0,1,1) (S 40,38,39) (S 11,11,11) (S 48,11,43) (S 98,11,16) (S 16,16,16) (S 17,17,17) (S 38,17,37) (S 43,37,39) (S 33,33,33) (S 80,34,50) (D 0,1,1)
0 1 4 75 46 11 (D 0,1,1) (S 14,14,14) (S 15,15,15) (S 29,29,29) (S 31,31,31) (S 25,25,25) (S 62,25,24) (S 24,24,24) (S 82,24,19) (S 89,19,13) (D 0,1,1)
0 1 5 75 48 15 (D 0,1,1) (S 72,2,6) (S 99,6,38) (S 9,9,9) (S 61,9,14) (S 51,8,4) (S 4,4,4) (S 3,3,3) (S 47,3,7) (S 58,7,8) (S 73,13,12) (S 12,12,12) (S 19,19,19) (S 94,19,13) (D 0,1,1)
0 1 6 75 74 13 (D 0,1,1) (S 102,2,6) (S 57,46,40) (S 41,40,41) (S 54,41,44) (S 103,44,5) (S 5,5,5) (S 52,5,4) (S 55,4,41) (S 97,40,47) (S 101,2,46) (S 96,38,43) (D 0,1,1)
0 1 7 75 54 15 (D 0,1,1) (S 50,2,1) (S 86,1,43) (S 56,11,45) (S 59,45,16) (S 44,16,36) (S 37,36,27) (S 85,36,22) (S 22,22,22) (S 30,30,30) (S 28,28,28) (S 71,28,50) (S 60,50,22) (S 87,36,49) (D 0,1,1)
0 1 8 75 97 12 (D 0,1,1) (S 90,39,49) (S 79,49,16) (S 75,16,45) (S 100,45,42) (S 42,42,21) (S 26,26,26) (S 49,17,19) (S 36,23,17) (S 46,36,21) (S 93,27,33) (D 0,1,1)
0 1 9 75 110 18 (D 0,1,1) (S 74,45,1) (S 65,43,38) (S 83,6,46) (S 91,46,3) (S 88,4,9) (S 10,10,10) (S 53,10,15) (S 18,18,18) (S 69,18,25) (S 81,25,18) (S 66,24,29) (S 84,29,31) (S 105,31,48) (S 67,48,31) (S 95,29,24) (S 39,30,35) (D 0,1,1)
0 1 10 29 98 10 (D 0,1,1) (S 104,2,46) (S 63,37,12) (S 76,12,37) (S 92,13,14) (S 78,25,31) (S 68,29,48) (S 77,35,50) (S 32,32,32) (D 0,1,1)
