570
10
775800
17374
0 1 1 27 37 6 (D 0,1,1) (S 2,2,2) (S 14,2,14) (S 3,3,3) (S 25,15,22) (D 0,1,1)
0 1 2 27 7 4 (D 0,1,1) (S 4,4,4) (S 20,4,3) (D 0,1,1)
0 1 3 27 22 5 (D 0,1,1) (S 1,1,1) (S 13,1,13) (S 21,13,4) (D 0,1,1)
0 1 4 27 68 6 (D 0,1,1) (S 16,14,16) (S 28,16,24) (S 5,5,5) (S 6,6,6) (D 0,1,1)
0 1 5 27 54 6 (D 0,1,1) (S 9,9,9) (S 23,9,18) (S 18,18,11) (S 38,18,25) (D 0,1,1)
0 1 6 27 74 7 (D 0,1,1) (S 24,22,12) (S 26,15,23) (S 7,7,7) (S 12,10,12) (S 10,10,5) (D 0,1,1)
0 1 7 27 76 7 (D 0,1,1) (S 19,20,13) (S 29,26,25) (S 22,19,21) (S 8,8,8) (S 36,19,25) (D 0,1,1)
0 1 8 27 79 6 (D 0,1,1) (S 35,5,21) (S 27,21,8) (S 33,8,27) (S 30,7,17) (D 0,1,1)
0 1 9 27 83 7 (D 0,1,1) (S 34,7,6) (S 31,6,10) (S 15,6,15) (S 37,15,26) (S 32,11,19) (D 0,1,1)
0 1 10 6 70 4 (D 0,1,1) (S 17,19,8) (S 11,8,11) (D 0,1,1)
