425
10
508200
13921
0 1 1 27 17 5 (D 0,1,1) (S 2,2,2) (S 4,4,4) (S 7,7,7) (D 0,1,1)
0 1 2 27 18 4 (D 0,1,1) (S 5,5,5) (S 1,1,1) (D 0,1,1)
0 1 3 27 37 8 (D 0,1,1) (S 3,3,3) (S 37,3,27) (S 33,25,19) (S 36,19,1) (S 26,7,25) (S 8,8,8) (D 0,1,1)
0 1 4 27 40 8 (D 0,1,1) (S 15,15,15) (S 6,6,6) (S 16,16,16) (S 38,6,15) (S 14,14,14) (S 41,21,22) (D 0,1,1)
0 1 5 27 67 6 (D 0,1,1) (S 23,5,3) (S 9,9,9) (S 18,9,12) (S 25,20,24) (D 0,1,1)
0 1 6 27 28 6 (D 0,1,1) (S 27,16,21) (S 19,14,13) (S 13,13,13) (S 29,14,15) (D 0,1,1)
0 1 7 27 44 7 (D 0,1,1) (S 30,2,5) (S 17,17,18) (S 39,18,27) (S 20,19,20) (S 28,3,2) (D 0,1,1)
0 1 8 27 40 5 (D 0,1,1) (S 12,12,12) (S 11,11,11) (S 34,12,23) (D 0,1,1)
0 1 9 26 54 6 (D 0,1,1) (S 10,10,10) (S 21,10,20) (S 35,10,8) (S 40,9,11) (D 0,1,1)
0 1 10 16 80 6 (D 0,1,1) (S 24,22,23) (S 31,6,5) (S 32,4,26) (S 22,13,12) (D 0,1,1)
