788
9
1483500
33755
0 1 1 74 41 10 (D 0,1,1) (S 2,2,2) (S 69,2,34) (S 73,34,10) (S 10,10,10) (S 23,10,23) (S 7,7,7) (S 38,7,23) (S 57,23,34) (D 0,1,1)
0 1 2 75 48 9 (D 0,1,1) (S 40,2,23) (S 8,8,8) (S 34,8,30) (S 12,12,12) (S 11,11,11) (S 16,16,16) (S 50,2,31) (D 0,1,1)
0 1 3 75 69 11 (D 0,1,1) (S 63,2,31) (S 3,3,3) (S 26,7,26) (S 54,26,4) (S 4,4,4) (S 33,30,7) (S 51,8,9) (S 9,9,9) (S 62,5,28) (D 0,1,1)
0 1 4 73 78 12 (D 0,1,1) (S 36,31,26) (S 45,26,28) (S 5,5,5) (S 27,5,27) (S 30,27,28) (S 1,1,1) (S 29,1,5) (S 6,6,6) (S 44,6,33) (S 67,6,5) (D 0,1,1)
0 1 5 73 74 11 (D 0,1,1) (S 19,19,19) (S 24,19,24) (S 35,24,20) (S 20,20,20) (S 18,18,18) (S 42,18,29) (S 22,22,22) (S 31,22,29) (S 14,14,14) (D 0,1,1)
0 1 6 74 99 13 (D 0,1,1) (S 25,25,16) (S 17,17,17) (S 37,17,16) (S 80,16,11) (S 72,11,30) (S 76,30,11) (S 59,11,12) (S 32,12,13) (S 13,13,13) (S 41,15,29) (S 64,22,21) (D 0,1,1)
0 1 7 75 114 9 (D 0,1,1) (S 15,15,15) (S 55,14,9) (S 39,1,6) (S 60,33,1) (S 65,1,28) (S 52,27,4) (S 77,8,27) (D 0,1,1)
0 1 8 73 126 16 (D 0,1,1) (S 53,31,3) (S 68,3,7) (S 47,23,34) (S 75,34,19) (S 79,24,25) (S 28,25,10) (S 43,25,24) (S 58,20,21) (S 21,21,21) (S 56,29,15) (S 46,15,32) (S 48,32,6) (S 70,6,5) (S 78,27,8) (D 0,1,1)
0 1 9 22 139 7 (D 0,1,1) (S 49,31,3) (S 71,17,18) (S 66,11,16) (S 74,25,19) (S 61,32,6) (D 0,1,1)
