5261
10
1052800
17655
0 1 1 1885 750 8 (D 0,1,1) (S 2,2,2) (S 29,2,3) (S 3,3,3) (S 36,3,27) (S 4,4,4) (S 25,14,20) (D 0,1,1)
0 1 2 1875 459 10 (D 0,1,1) (S 7,7,7) (S 6,6,6) (S 31,6,25) (S 28,25,1) (S 1,1,1) (S 10,10,10) (S 43,10,11) (S 34,26,7) (D 0,1,1)
0 1 3 1853 518 8 (D 0,1,1) (S 15,15,15) (S 52,15,30) (S 50,30,14) (S 14,14,14) (S 20,20,20) (S 26,20,21) (D 0,1,1)
0 1 4 1862 431 8 (D 0,1,1) (S 5,5,5) (S 30,5,8) (S 8,8,8) (S 48,8,13) (S 13,13,13) (S 12,12,12) (D 0,1,1)
0 1 5 1827 422 8 (D 0,1,1) (S 42,10,9) (S 9,9,9) (S 11,11,11) (S 16,16,16) (S 55,16,17) (S 17,17,17) (D 0,1,1)
0 1 6 1834 433 9 (D 0,1,1) (S 35,26,10) (S 51,30,21) (S 21,21,21) (S 27,21,24) (S 22,22,22) (S 64,22,23) (S 61,23,31) (D 0,1,1)
0 1 7 1856 605 11 (D 0,1,1) (S 38,4,29) (S 40,29,8) (S 41,8,29) (S 39,29,27) (S 45,27,28) (S 46,28,12) (S 24,12,13) (S 57,12,18) (S 58,18,17) (D 0,1,1)
0 1 8 1842 604 8 (D 0,1,1) (S 23,23,23) (S 65,23,32) (S 19,19,19) (S 18,18,18) (S 59,18,19) (S 53,17,16) (D 0,1,1)
0 1 9 1831 886 12 (D 0,1,1) (S 49,13,19) (S 63,31,22) (S 62,22,24) (S 54,24,16) (S 60,16,31) (S 56,31,17) (S 47,16,28) (S 37,28,27) (S 32,6,9) (S 44,10,30) (D 0,1,1)
0 1 10 76 153 3 (D 0,1,1) (S 33,7,6) (D 0,1,1)
