434
10
859200
14357
0 1 1 27 14 6 (D 0,1,1) (S 2,2,2) (S 3,3,3) (S 24,3,2) (S 28,16,9) (D 0,1,1)
0 1 2 27 9 6 (D 0,1,1) (S 1,1,1) (S 6,6,6) (S 19,6,1) (S 35,6,3) (D 0,1,1)
0 1 3 27 41 7 (D 0,1,1) (S 15,16,15) (S 9,9,9) (S 18,18,20) (S 41,18,15) (S 16,17,7) (D 0,1,1)
0 1 4 27 32 4 (D 0,1,1) (S 7,7,7) (S 10,10,10) (D 0,1,1)
0 1 5 27 35 7 (D 0,1,1) (S 4,4,4) (S 37,3,1) (S 36,1,16) (S 32,17,24) (S 29,17,16) (D 0,1,1)
0 1 6 27 34 7 (D 0,1,1) (S 14,14,5) (S 5,5,5) (S 13,13,13) (S 34,13,26) (S 40,26,25) (D 0,1,1)
0 1 7 27 49 7 (D 0,1,1) (S 30,13,19) (S 26,19,25) (S 39,25,23) (S 12,12,12) (S 43,23,11) (D 0,1,1)
0 1 8 27 66 7 (D 0,1,1) (S 27,18,14) (S 20,14,3) (S 42,27,11) (S 11,11,11) (S 25,7,8) (D 0,1,1)
0 1 9 27 57 7 (D 0,1,1) (S 23,21,5) (S 38,12,27) (S 21,12,23) (S 31,25,11) (S 22,24,18) (D 0,1,1)
0 1 10 15 97 7 (D 0,1,1) (S 45,24,20) (S 44,1,14) (S 33,24,10) (S 8,8,8) (S 17,18,19) (D 0,1,1)
