612
8
926100
12149
0 1 1 40 26 6 (D 0,1,1) (S 2,2,2) (S 3,3,3) (S 1,1,1) (S 4,4,4) (D 0,1,1)
0 1 2 40 57 5 (D 0,1,1) (S 10,10,10) (S 13,13,13) (S 12,12,12) (D 0,1,1)
0 1 3 40 64 7 (D 0,1,1) (S 16,2,3) (S 7,7,7) (S 20,7,19) (S 11,11,11) (S 38,12,24) (D 0,1,1)
0 1 4 39 51 7 (D 0,1,1) (S 40,2,7) (S 14,14,14) (S 19,11,12) (S 21,21,20) (S 27,20,4) (D 0,1,1)
0 1 5 40 71 7 (D 0,1,1) (S 37,2,18) (S 18,18,1) (S 9,9,9) (S 15,15,16) (S 31,16,8) (D 0,1,1)
0 1 6 40 99 8 (D 0,1,1) (S 24,19,11) (S 29,14,24) (S 35,20,22) (S 23,22,5) (S 28,6,17) (S 6,6,6) (D 0,1,1)
0 1 7 40 141 8 (D 0,1,1) (S 32,19,20) (S 33,20,4) (S 43,20,19) (S 25,14,13) (S 5,5,5) (S 17,17,8) (D 0,1,1)
0 1 8 31 103 11 (D 0,1,1) (S 22,23,22) (S 39,23,15) (S 42,15,23) (S 8,8,8) (S 34,8,16) (S 36,9,21) (S 26,21,12) (S 30,12,21) (S 41,21,9) (D 0,1,1)
