570
10
922700
11915
0 1 1 27 45 8 (D 0,1,1) (S 2,2,2) (S 40,2,26) (S 29,26,3) (S 3,3,3) (S 20,3,19) (S 5,5,5) (D 0,1,1)
0 1 2 27 29 6 (D 0,1,1) (S 19,21,3) (S 24,3,24) (S 30,24,26) (S 14,14,15) (D 0,1,1)
0 1 3 27 40 6 (D 0,1,1) (S 34,2,3) (S 17,19,20) (S 26,20,24) (S 38,21,15) (D 0,1,1)
0 1 4 27 61 4 (D 0,1,1) (S 6,6,6) (S 16,10,18) (D 0,1,1)
0 1 5 27 64 6 (D 0,1,1) (S 1,1,1) (S 4,4,4) (S 7,7,7) (S 23,7,18) (D 0,1,1)
0 1 6 27 69 6 (D 0,1,1) (S 9,9,9) (S 10,10,10) (S 36,10,11) (S 13,13,13) (D 0,1,1)
0 1 7 27 40 6 (D 0,1,1) (S 27,2,19) (S 31,19,16) (S 15,16,17) (S 22,16,23) (D 0,1,1)
0 1 8 27 52 6 (D 0,1,1) (S 12,12,12) (S 21,12,11) (S 11,11,11) (S 33,11,27) (D 0,1,1)
0 1 9 27 88 7 (D 0,1,1) (S 37,3,20) (S 25,25,22) (S 39,27,13) (S 32,5,7) (S 28,16,25) (D 0,1,1)
0 1 10 6 82 5 (D 0,1,1) (S 18,6,8) (S 8,8,8) (S 35,10,27) (D 0,1,1)
