648
10
3248000
68077
0 1 1 70 45 13 (D 0,1,1) (S 2,2,2) (S 3,3,3) (S 1,1,1) (S 62,1,37) (S 40,37,3) (S 4,4,4) (S 46,4,40) (S 7,7,7) (S 44,7,40) (S 66,40,29) (S 55,30,36) (D 0,1,1)
0 1 2 70 28 13 (D 0,1,1) (S 6,6,6) (S 10,10,10) (S 14,14,14) (S 13,13,13) (S 12,12,12) (S 8,8,8) (S 5,5,5) (S 35,5,8) (S 49,8,44) (S 9,9,9) (S 97,9,14) (D 0,1,1)
0 1 3 70 50 10 (D 0,1,1) (S 112,2,49) (S 18,18,18) (S 16,16,16) (S 37,16,15) (S 15,15,15) (S 27,11,7) (S 25,7,25) (S 113,25,34) (D 0,1,1)
0 1 4 70 40 14 (D 0,1,1) (S 47,41,10) (S 102,10,6) (S 29,6,11) (S 11,11,11) (S 67,11,15) (S 42,39,21) (S 21,21,21) (S 20,20,20) (S 19,19,19) (S 116,19,20) (S 43,20,24) (S 77,39,31) (D 0,1,1)
0 1 5 70 54 14 (D 0,1,1) (S 71,2,5) (S 117,5,2) (S 94,2,45) (S 81,45,37) (S 39,37,36) (S 104,37,45) (S 53,45,47) (S 85,47,7) (S 30,29,28) (S 63,28,43) (S 48,43,42) (S 31,30,1) (D 0,1,1)
0 1 6 70 63 13 (D 0,1,1) (S 51,41,6) (S 33,10,9) (S 28,17,26) (S 26,26,27) (S 36,27,33) (S 41,27,38) (S 84,38,32) (S 34,32,31) (S 32,31,19) (S 59,19,33) (S 108,50,39) (D 0,1,1)
0 1 7 70 66 17 (D 0,1,1) (S 61,2,45) (S 65,45,47) (S 58,47,6) (S 106,6,47) (S 98,7,16) (S 103,16,18) (S 80,18,39) (S 60,39,31) (S 22,22,22) (S 120,22,18) (S 50,15,14) (S 100,14,13) (S 89,13,14) (S 119,10,11) (S 54,6,10) (D 0,1,1)
0 1 8 70 96 18 (D 0,1,1) (S 74,41,9) (S 52,8,12) (S 17,17,17) (S 75,17,48) (S 83,48,44) (S 86,5,49) (S 76,49,5) (S 79,9,41) (S 78,32,33) (S 110,33,32) (S 24,24,24) (S 23,23,23) (S 69,23,20) (S 90,20,23) (S 91,23,46) (S 72,15,10) (D 0,1,1)
0 1 9 70 133 20 (D 0,1,1) (S 56,3,4) (S 109,4,28) (S 118,28,43) (S 82,29,34) (S 38,34,35) (S 73,34,25) (S 101,34,29) (S 105,7,3) (S 68,30,42) (S 121,42,30) (S 114,30,36) (S 115,15,50) (S 88,50,15) (S 57,16,11) (S 107,11,10) (S 111,10,15) (S 45,21,24) (S 92,23,46) (D 0,1,1)
0 1 10 24 73 9 (D 0,1,1) (S 87,33,46) (S 93,46,33) (S 96,50,39) (S 64,18,25) (S 95,25,18) (S 99,12,48) (S 70,48,44) (D 0,1,1)
