167
7
485800
4827
0 1 1 20 9 5 (D 0,1,1) (S 2,2,2) (S 3,3,3) (S 5,5,5) (D 0,1,1)
0 1 2 20 19 7 (D 0,1,1) (S 26,24,3) (S 23,3,5) (S 21,5,12) (S 12,12,13) (S 38,13,8) (D 0,1,1)
0 1 3 20 23 8 (D 0,1,1) (S 14,16,1) (S 1,1,1) (S 41,1,24) (S 37,18,21) (S 20,21,22) (S 9,9,9) (D 0,1,1)
0 1 4 20 16 9 (D 0,1,1) (S 27,2,17) (S 15,17,18) (S 39,18,9) (S 35,22,19) (S 10,10,10) (S 18,10,13) (S 25,12,6) (D 0,1,1)
0 1 5 20 31 7 (D 0,1,1) (S 17,4,20) (S 29,20,23) (S 34,23,20) (S 22,23,14) (S 32,15,11) (D 0,1,1)
0 1 6 20 33 9 (D 0,1,1) (S 13,14,15) (S 11,11,7) (S 7,7,7) (S 6,6,6) (S 28,6,4) (S 4,4,4) (S 16,10,19) (D 0,1,1)
0 1 7 17 36 10 (D 0,1,1) (S 8,8,8) (S 31,8,13) (S 40,7,14) (S 30,15,11) (S 33,7,6) (S 36,6,8) (S 24,9,22) (S 19,5,17) (D 0,1,1)
