14205
25
2999400
84949
0 1 1 1639 110 9 (D 0,1,1) (S 3,3,3) (S 4,4,4) (S 46,4,12) (S 12,12,12) (S 66,12,40) (S 11,11,11) (S 61,11,39) (D 0,1,1)
0 1 2 1646 188 10 (D 0,1,1) (S 63,3,40) (S 94,40,58) (S 96,58,18) (S 18,18,18) (S 129,18,27) (S 27,27,27) (S 67,18,12) (S 64,40,11) (D 0,1,1)
0 1 3 1648 544 9 (D 0,1,1) (S 5,5,5) (S 70,5,50) (S 69,50,49) (S 68,49,12) (S 43,3,4) (S 45,4,40) (S 161,34,66) (D 0,1,1)
0 1 4 1633 270 9 (D 0,1,1) (S 40,39,37) (S 38,37,2) (S 2,2,2) (S 39,2,38) (S 1,1,1) (S 37,1,2) (S 59,38,46) (D 0,1,1)
0 1 5 1648 286 7 (D 0,1,1) (S 28,28,28) (S 29,29,29) (S 30,30,30) (S 20,20,20) (S 42,3,39) (D 0,1,1)
0 1 6 1639 479 11 (D 0,1,1) (S 44,4,5) (S 6,6,6) (S 72,6,13) (S 13,13,13) (S 103,13,20) (S 105,20,21) (S 76,21,51) (S 78,51,52) (S 50,7,43) (D 0,1,1)
0 1 7 1642 420 8 (D 0,1,1) (S 131,28,27) (S 32,32,32) (S 152,32,65) (S 126,65,58) (S 93,48,56) (S 57,46,1) (D 0,1,1)
0 1 8 1648 393 8 (D 0,1,1) (S 75,41,51) (S 21,21,21) (S 109,21,22) (S 22,22,22) (S 142,22,61) (S 106,21,30) (D 0,1,1)
0 1 9 1639 378 8 (D 0,1,1) (S 95,48,58) (S 97,18,59) (S 132,28,29) (S 134,29,28) (S 102,28,19) (S 71,19,50) (D 0,1,1)
0 1 10 1639 369 7 (D 0,1,1) (S 34,34,34) (S 140,34,30) (S 136,30,20) (S 19,19,19) (S 74,19,13) (D 0,1,1)
0 1 11 1640 358 8 (D 0,1,1) (S 65,40,48) (S 62,48,11) (S 122,56,57) (S 26,26,26) (S 148,26,70) (S 151,70,32) (D 0,1,1)
0 1 12 1641 506 9 (D 0,1,1) (S 133,29,19) (S 155,28,33) (S 33,33,33) (S 156,33,32) (S 149,65,70) (S 128,65,27) (S 158,71,66) (D 0,1,1)
0 1 13 1647 555 10 (D 0,1,1) (S 48,41,42) (S 77,42,52) (S 81,52,14) (S 14,14,14) (S 80,14,7) (S 7,7,7) (S 49,7,42) (S 101,19,59) (D 0,1,1)
0 1 14 1630 554 8 (D 0,1,1) (S 73,41,13) (S 35,35,35) (S 164,35,61) (S 108,61,21) (S 107,21,60) (S 141,60,67) (D 0,1,1)
0 1 15 1648 807 10 (D 0,1,1) (S 123,57,26) (S 125,26,65) (S 154,27,33) (S 157,33,71) (S 159,66,29) (S 135,29,30) (S 138,30,60) (S 84,54,44) (D 0,1,1)
0 1 16 1630 552 8 (D 0,1,1) (S 9,9,9) (S 54,9,8) (S 8,8,8) (S 16,16,16) (S 87,16,45) (S 83,15,14) (D 0,1,1)
0 1 17 1613 677 8 (D 0,1,1) (S 85,15,54) (S 15,15,15) (S 82,14,53) (S 110,53,22) (S 79,22,52) (S 51,43,44) (D 0,1,1)
0 1 18 1643 1018 11 (D 0,1,1) (S 150,70,69) (S 147,69,57) (S 92,57,56) (S 91,56,10) (S 10,10,10) (S 60,10,38) (S 58,46,47) (S 89,47,55) (S 117,23,64) (D 0,1,1)
0 1 19 1646 519 7 (D 0,1,1) (S 118,16,24) (S 24,24,24) (S 116,24,23) (S 23,23,23) (S 114,23,54) (D 0,1,1)
0 1 20 1646 685 9 (D 0,1,1) (S 160,30,66) (S 139,66,30) (S 137,30,21) (S 162,67,34) (S 166,35,62) (S 167,62,68) (S 165,62,61) (D 0,1,1)
0 1 21 1625 783 8 (D 0,1,1) (S 53,44,8) (S 55,8,16) (S 86,16,54) (S 111,53,62) (S 113,63,23) (S 119,24,25) (D 0,1,1)
0 1 22 1626 1023 8 (D 0,1,1) (S 17,17,17) (S 88,17,47) (S 90,17,56) (S 41,10,37) (S 36,36,36) (S 31,31,31) (D 0,1,1)
0 1 23 1648 855 10 (D 0,1,1) (S 130,27,33) (S 153,32,70) (S 127,65,18) (S 144,64,68) (S 168,68,36) (S 169,36,31) (S 145,31,64) (S 115,23,63) (D 0,1,1)
0 1 24 1607 1409 16 (D 0,1,1) (S 143,23,64) (S 120,25,45) (S 56,45,9) (S 112,15,63) (S 25,25,25) (S 121,25,31) (S 163,35,67) (S 104,19,20) (S 47,6,41) (S 52,43,15) (S 100,19,50) (S 99,19,49) (S 124,48,26) (S 98,59,28) (D 0,1,1)
0 1 25 97 467 3 (D 0,1,1) (S 146,69,55) (D 0,1,1)
