721
12
1245200
37197
0 1 1 75 20 12 (D 0,1,1) (S 2,2,2) (S 19,19,19) (S 12,12,12) (S 11,11,11) (S 44,11,32) (S 60,32,19) (S 57,19,28) (S 56,28,32) (S 59,32,33) (S 73,19,2) (D 0,1,1)
0 1 2 75 47 14 (D 0,1,1) (S 83,2,39) (S 93,39,43) (S 90,43,41) (S 89,41,1) (S 1,1,1) (S 82,1,12) (S 58,12,28) (S 13,13,13) (S 45,13,29) (S 8,8,8) (S 49,8,30) (S 108,45,9) (D 0,1,1)
0 1 3 75 59 13 (D 0,1,1) (S 75,2,37) (S 64,37,34) (S 48,34,29) (S 47,29,8) (S 4,4,4) (S 51,4,30) (S 52,30,35) (S 68,35,10) (S 10,10,10) (S 85,10,42) (S 7,7,7) (D 0,1,1)
0 1 4 75 43 12 (D 0,1,1) (S 74,19,39) (S 92,39,40) (S 3,3,3) (S 15,15,15) (S 109,15,46) (S 99,15,42) (S 14,14,14) (S 79,14,38) (S 17,17,17) (S 69,17,36) (D 0,1,1)
0 1 5 75 58 12 (D 0,1,1) (S 30,11,6) (S 6,6,6) (S 31,6,28) (S 46,33,13) (S 33,13,23) (S 23,23,21) (S 34,23,29) (S 16,16,16) (S 35,16,25) (S 18,18,18) (D 0,1,1)
0 1 6 73 48 11 (D 0,1,1) (S 62,2,33) (S 61,33,34) (S 63,34,5) (S 5,5,5) (S 65,5,35) (S 40,30,27) (S 41,27,4) (S 54,4,36) (S 67,36,35) (D 0,1,1)
0 1 7 75 56 14 (D 0,1,1) (S 72,19,12) (S 81,12,41) (S 91,41,44) (S 114,44,47) (S 115,47,48) (S 105,48,18) (S 106,18,49) (S 9,9,9) (S 97,45,3) (S 94,3,40) (S 77,40,37) (S 43,11,13) (D 0,1,1)
0 1 8 74 73 12 (D 0,1,1) (S 76,37,10) (S 84,10,14) (S 86,14,42) (S 96,42,3) (S 78,3,37) (S 88,39,41) (S 116,48,49) (S 111,49,9) (S 107,45,15) (S 20,20,20) (D 0,1,1)
0 1 9 74 66 12 (D 0,1,1) (S 102,43,18) (S 104,18,45) (S 112,9,50) (S 113,50,46) (S 100,15,20) (S 87,20,14) (S 70,14,36) (S 71,17,38) (S 80,38,20) (S 110,15,50) (D 0,1,1)
0 1 10 75 79 11 (D 0,1,1) (S 103,43,47) (S 117,49,50) (S 101,46,20) (S 98,20,42) (S 66,10,5) (S 50,5,8) (S 38,8,16) (S 25,25,22) (S 24,22,24) (D 0,1,1)
0 1 11 73 85 11 (D 0,1,1) (S 29,6,23) (S 32,23,25) (S 36,25,29) (S 21,21,22) (S 37,16,27) (S 27,27,24) (S 26,24,26) (S 28,26,7) (S 42,7,31) (D 0,1,1)
0 1 12 37 87 7 (D 0,1,1) (S 95,40,18) (S 22,6,21) (S 39,27,7) (S 53,31,4) (S 55,17,31) (D 0,1,1)
