1205
19
2230400
106892
0 1 1 75 27 14 (D 0,1,1) (S 2,2,2) (S 25,2,9) (S 9,9,9) (S 24,9,21) (S 34,21,20) (S 1,1,1) (S 60,1,29) (S 131,29,1) (S 76,1,42) (S 147,42,1) (S 72,1,30) (S 143,30,1) (D 0,1,1)
0 1 2 75 42 15 (D 0,1,1) (S 35,2,21) (S 23,9,16) (S 16,16,14) (S 13,14,12) (S 11,12,11) (S 12,11,13) (S 99,11,44) (S 170,44,11) (S 73,42,30) (S 144,30,42) (S 89,42,44) (S 160,44,42) (S 22,13,20) (D 0,1,1)
0 1 3 73 34 13 (D 0,1,1) (S 30,2,22) (S 27,22,16) (S 26,16,18) (S 28,18,19) (S 18,18,15) (S 101,15,46) (S 84,46,5) (S 5,5,5) (S 68,5,35) (S 139,35,5) (S 155,5,46) (D 0,1,1)
0 1 4 75 48 12 (D 0,1,1) (S 36,2,23) (S 32,23,19) (S 19,18,17) (S 103,17,47) (S 95,47,48) (S 166,48,47) (S 3,3,3) (S 85,3,41) (S 156,41,3) (S 87,3,48) (D 0,1,1)
0 1 5 75 50 13 (D 0,1,1) (S 90,11,42) (S 75,1,38) (S 62,38,31) (S 61,31,32) (S 132,32,31) (S 49,31,27) (S 39,27,25) (S 110,25,27) (S 120,27,31) (S 133,31,38) (S 63,32,34) (D 0,1,1)
0 1 6 75 50 13 (D 0,1,1) (S 161,11,42) (S 146,1,38) (S 77,38,39) (S 64,39,32) (S 134,32,34) (S 65,34,35) (S 136,35,34) (S 56,35,28) (S 127,28,35) (S 67,35,36) (S 15,15,14) (D 0,1,1)
0 1 7 72 56 13 (D 0,1,1) (S 106,13,49) (S 105,49,50) (S 176,50,49) (S 177,49,13) (S 21,13,9) (S 14,9,12) (S 93,12,45) (S 91,45,44) (S 162,44,45) (S 80,45,39) (S 135,39,32) (D 0,1,1)
0 1 8 74 53 11 (D 0,1,1) (S 164,12,45) (S 151,45,39) (S 79,39,40) (S 81,40,5) (S 152,5,40) (S 150,40,39) (S 148,39,38) (S 7,7,7) (S 46,7,29) (D 0,1,1)
0 1 9 75 67 11 (D 0,1,1) (S 94,14,45) (S 92,45,46) (S 172,46,15) (S 102,15,47) (S 173,47,15) (S 86,47,41) (S 70,41,36) (S 138,36,35) (S 51,33,10) (D 0,1,1)
0 1 10 72 63 10 (D 0,1,1) (S 165,14,45) (S 163,45,46) (S 100,46,47) (S 157,47,41) (S 141,41,36) (S 57,36,28) (S 10,10,10) (S 41,10,26) (D 0,1,1)
0 1 11 74 67 12 (D 0,1,1) (S 31,22,23) (S 29,23,18) (S 20,19,17) (S 174,17,47) (S 171,47,46) (S 82,46,40) (S 66,40,34) (S 54,34,33) (S 122,33,10) (S 112,10,26) (D 0,1,1)
0 1 12 75 85 12 (D 0,1,1) (S 78,44,38) (S 50,32,27) (S 121,27,32) (S 52,32,10) (S 123,10,32) (S 125,34,33) (S 53,33,28) (S 128,28,36) (S 69,36,37) (S 8,8,8) (D 0,1,1)
0 1 13 73 68 10 (D 0,1,1) (S 149,44,38) (S 117,29,7) (S 47,7,30) (S 74,30,43) (S 88,43,42) (S 159,42,43) (S 145,43,30) (S 118,30,7) (D 0,1,1)
0 1 14 74 82 12 (D 0,1,1) (S 107,49,24) (S 33,24,20) (S 178,24,49) (S 104,49,11) (S 175,11,49) (S 97,49,43) (S 98,43,50) (S 169,50,43) (S 168,43,49) (S 59,29,31) (D 0,1,1)
0 1 15 75 76 11 (D 0,1,1) (S 17,15,17) (S 96,17,48) (S 158,48,3) (S 71,3,37) (S 58,37,8) (S 6,6,6) (S 44,6,8) (S 115,8,6) (S 42,6,4) (D 0,1,1)
0 1 16 71 89 10 (D 0,1,1) (S 167,17,48) (S 153,46,40) (S 137,40,34) (S 83,5,41) (S 154,41,5) (S 4,4,4) (S 40,4,26) (S 111,26,4) (D 0,1,1)
0 1 17 71 91 10 (D 0,1,1) (S 37,25,26) (S 108,26,25) (S 38,25,7) (S 109,7,25) (S 48,27,10) (S 119,10,27) (S 45,27,7) (S 130,29,31) (D 0,1,1)
0 1 18 73 111 11 (D 0,1,1) (S 116,7,27) (S 55,28,8) (S 129,8,37) (S 140,37,36) (S 126,28,8) (S 113,6,4) (S 43,4,28) (S 124,28,33) (S 114,28,4) (D 0,1,1)
0 1 19 8 46 3 (D 0,1,1) (S 142,3,37) (D 0,1,1)
