491
10
602800
14295
0 1 1 49 30 9 (D 0,1,1) (S 2,2,2) (S 1,1,1) (S 54,1,2) (S 20,2,3) (S 3,3,3) (S 17,3,17) (S 13,13,13) (D 0,1,1)
0 1 2 50 25 8 (D 0,1,1) (S 6,6,6) (S 46,6,20) (S 5,5,5) (S 4,4,4) (S 40,4,24) (S 48,24,4) (D 0,1,1)
0 1 3 49 40 6 (D 0,1,1) (S 26,1,6) (S 25,6,25) (S 30,25,17) (S 32,17,13) (D 0,1,1)
0 1 4 50 39 10 (D 0,1,1) (S 19,19,20) (S 66,20,5) (S 8,8,8) (S 56,8,5) (S 23,8,7) (S 7,7,7) (S 35,7,30) (S 37,19,1) (D 0,1,1)
0 1 5 50 54 11 (D 0,1,1) (S 34,1,19) (S 43,19,31) (S 61,31,19) (S 31,19,24) (S 22,24,23) (S 28,23,22) (S 21,22,21) (S 15,15,15) (S 49,25,3) (D 0,1,1)
0 1 6 50 65 9 (D 0,1,1) (S 52,16,29) (S 18,15,18) (S 27,18,22) (S 63,23,16) (S 16,16,16) (S 51,16,21) (S 57,30,10) (D 0,1,1)
0 1 7 49 53 7 (D 0,1,1) (S 33,27,14) (S 14,14,14) (S 24,14,13) (S 39,13,26) (S 29,26,27) (D 0,1,1)
0 1 8 49 63 10 (D 0,1,1) (S 41,8,11) (S 11,11,11) (S 36,28,7) (S 10,10,10) (S 64,28,11) (S 9,9,9) (S 12,12,12) (S 50,12,14) (D 0,1,1)
0 1 9 48 98 12 (D 0,1,1) (S 53,4,7) (S 65,30,10) (S 59,16,21) (S 58,23,31) (S 60,31,23) (S 55,4,5) (S 38,8,9) (S 62,9,12) (S 42,12,13) (S 44,13,12) (D 0,1,1)
0 1 10 7 24 4 (D 0,1,1) (S 45,17,9) (S 47,9,17) (D 0,1,1)
