16392
20
17084700
52152
0 1 1 1864 382 9 (D 0,1,1) (S 20,20,20) (S 19,19,19) (S 29,29,29) (S 99,92,34) (S 34,34,34) (S 100,34,97) (S 105,96,40) (D 0,1,1)
0 1 2 1863 352 7 (D 0,1,1) (S 86,87,88) (S 5,5,5) (S 87,89,10) (S 10,10,10) (S 17,17,17) (D 0,1,1)
0 1 3 1869 853 10 (D 0,1,1) (S 16,16,16) (S 21,21,21) (S 107,98,103) (S 112,103,106) (S 113,106,107) (S 123,59,114) (S 133,116,119) (S 111,47,41) (D 0,1,1)
0 1 4 1868 646 10 (D 0,1,1) (S 91,20,19) (S 35,35,35) (S 42,42,42) (S 48,48,48) (S 54,54,54) (S 66,66,66) (S 126,66,65) (S 121,113,112) (D 0,1,1)
0 1 5 1874 499 9 (D 0,1,1) (S 85,85,86) (S 83,6,83) (S 12,12,12) (S 88,12,13) (S 13,13,13) (S 18,18,18) (S 14,14,14) (D 0,1,1)
0 1 6 1872 494 12 (D 0,1,1) (S 15,15,15) (S 93,92,28) (S 28,28,28) (S 27,27,27) (S 97,27,95) (S 33,33,33) (S 98,33,96) (S 40,40,40) (S 104,39,38) (S 96,94,32) (D 0,1,1)
0 1 7 1853 1242 9 (D 0,1,1) (S 2,2,2) (S 80,2,80) (S 82,80,3) (S 3,3,3) (S 4,4,4) (S 84,84,8) (S 128,67,116) (D 0,1,1)
0 1 8 1850 712 8 (D 0,1,1) (S 38,38,38) (S 32,32,32) (S 92,27,28) (S 26,26,26) (S 25,25,25) (S 81,81,82) (D 0,1,1)
0 1 9 1848 710 8 (D 0,1,1) (S 24,24,24) (S 23,23,23) (S 31,31,31) (S 37,37,37) (S 44,44,44) (S 119,108,55) (D 0,1,1)
0 1 10 1824 834 7 (D 0,1,1) (S 118,110,111) (S 59,59,59) (S 60,60,60) (S 124,60,107) (S 129,114,116) (D 0,1,1)
0 1 11 1874 693 8 (D 0,1,1) (S 41,41,41) (S 110,97,105) (S 47,47,47) (S 72,72,72) (S 127,72,115) (S 132,72,118) (D 0,1,1)
0 1 12 1839 842 9 (D 0,1,1) (S 30,30,30) (S 106,42,102) (S 36,36,36) (S 101,99,98) (S 45,45,45) (S 46,46,46) (S 115,51,50) (D 0,1,1)
0 1 13 1856 1075 10 (D 0,1,1) (S 90,91,90) (S 89,90,91) (S 8,8,8) (S 7,7,7) (S 11,11,11) (S 1,1,1) (S 9,9,9) (S 51,51,51) (D 0,1,1)
0 1 14 1841 1027 9 (D 0,1,1) (S 79,79,79) (S 73,73,73) (S 68,68,68) (S 57,57,57) (S 53,53,53) (S 117,53,52) (S 52,52,52) (D 0,1,1)
0 1 15 1860 935 9 (D 0,1,1) (S 77,77,77) (S 139,77,122) (S 64,64,64) (S 125,64,113) (S 65,65,65) (S 63,63,63) (S 62,62,62) (D 0,1,1)
0 1 16 1873 814 9 (D 0,1,1) (S 49,49,49) (S 43,43,43) (S 102,43,100) (S 108,100,44) (S 114,44,108) (S 109,44,104) (S 50,50,50) (D 0,1,1)
0 1 17 1827 872 8 (D 0,1,1) (S 61,61,61) (S 55,55,55) (S 120,55,56) (S 56,56,56) (S 70,70,70) (S 76,76,76) (D 0,1,1)
0 1 18 1836 1184 11 (D 0,1,1) (S 6,6,6) (S 131,76,70) (S 138,75,121) (S 136,121,117) (S 130,117,69) (S 69,69,69) (S 137,69,75) (S 75,75,75) (S 134,120,74) (D 0,1,1)
0 1 19 1826 1582 16 (D 0,1,1) (S 94,29,92) (S 22,22,22) (S 103,93,101) (S 95,93,94) (S 39,39,39) (S 116,109,52) (S 67,67,67) (S 58,58,58) (S 122,58,57) (S 78,78,78) (S 140,123,77) (S 71,71,71) (S 74,74,74) (S 135,74,121) (D 0,1,1)
0 1 20 79 644 3 (D 0,1,1) (S 141,124,125) (D 0,1,1)
