175
8
562500
14500
0 1 1 27 6 5 (D 0,1,1) (S 2,2,2) (S 7,7,7) (S 5,5,5) (D 0,1,1)
0 1 2 27 8 6 (D 0,1,1) (S 3,3,3) (S 37,3,1) (S 1,1,1) (S 4,4,4) (D 0,1,1)
0 1 3 27 13 7 (D 0,1,1) (S 6,6,6) (S 12,10,2) (S 14,8,11) (S 23,11,3) (S 32,9,10) (D 0,1,1)
0 1 4 27 21 8 (D 0,1,1) (S 13,10,8) (S 19,10,3) (S 36,3,9) (S 20,3,5) (S 17,10,11) (S 9,8,7) (D 0,1,1)
0 1 5 27 27 8 (D 0,1,1) (S 24,8,4) (S 22,4,6) (S 33,6,1) (S 34,1,4) (S 26,4,2) (S 35,2,1) (D 0,1,1)
0 1 6 27 31 6 (D 0,1,1) (S 21,2,11) (S 27,11,4) (S 30,4,7) (S 8,8,5) (D 0,1,1)
0 1 7 27 38 7 (D 0,1,1) (S 10,7,9) (S 29,9,2) (S 16,4,3) (S 31,9,11) (S 15,11,1) (D 0,1,1)
0 1 8 16 31 6 (D 0,1,1) (S 28,10,1) (S 18,6,5) (S 11,8,9) (S 25,9,5) (D 0,1,1)
