809
10
1020000
53540
0 1 1 75 42 9 (D 0,1,1) (S 2,2,2) (S 1,1,1) (S 47,1,4) (S 4,4,4) (S 17,17,17) (S 20,20,20) (S 86,18,16) (D 0,1,1)
0 1 2 75 42 9 (D 0,1,1) (S 10,10,10) (S 15,15,15) (S 33,15,34) (S 44,34,6) (S 6,6,6) (S 3,3,3) (S 8,8,8) (D 0,1,1)
0 1 3 75 76 15 (D 0,1,1) (S 43,2,1) (S 14,14,14) (S 39,14,9) (S 9,9,9) (S 37,9,10) (S 11,11,11) (S 56,11,34) (S 50,10,5) (S 5,5,5) (S 73,5,4) (S 91,4,5) (S 40,39,33) (S 80,48,30) (D 0,1,1)
0 1 4 75 56 12 (D 0,1,1) (S 55,2,6) (S 19,19,19) (S 70,19,36) (S 25,25,25) (S 22,22,22) (S 21,21,21) (S 75,21,49) (S 94,49,15) (S 107,15,49) (S 59,49,47) (D 0,1,1)
0 1 5 75 101 12 (D 0,1,1) (S 51,6,7) (S 7,7,7) (S 85,7,45) (S 12,12,12) (S 46,12,11) (S 45,42,35) (S 35,35,36) (S 68,19,42) (S 48,35,12) (S 24,24,24) (D 0,1,1)
0 1 6 75 57 16 (D 0,1,1) (S 16,16,16) (S 97,16,32) (S 13,13,13) (S 67,13,16) (S 18,18,18) (S 23,23,23) (S 38,23,38) (S 63,38,50) (S 103,50,43) (S 66,43,16) (S 112,16,13) (S 32,32,33) (S 62,39,9) (S 89,9,39) (D 0,1,1)
0 1 7 74 92 15 (D 0,1,1) (S 100,33,18) (S 53,18,17) (S 93,13,43) (S 57,43,38) (S 42,38,28) (S 28,28,28) (S 29,29,29) (S 49,29,30) (S 30,30,30) (S 31,31,31) (S 26,26,26) (S 74,26,24) (S 113,24,26) (D 0,1,1)
0 1 8 75 112 18 (D 0,1,1) (S 60,39,44) (S 95,44,46) (S 99,46,44) (S 69,44,9) (S 54,33,14) (S 72,14,47) (S 102,47,49) (S 34,21,19) (S 77,21,22) (S 81,22,36) (S 110,36,22) (S 82,22,27) (S 27,27,27) (S 79,27,25) (S 106,27,37) (S 76,31,48) (D 0,1,1)
0 1 9 74 112 16 (D 0,1,1) (S 71,6,11) (S 78,11,6) (S 58,44,3) (S 65,3,8) (S 92,8,39) (S 84,9,4) (S 101,4,9) (S 52,20,38) (S 64,20,40) (S 41,40,41) (S 114,41,24) (S 36,26,37) (S 90,37,31) (S 111,31,48) (D 0,1,1)
0 1 10 31 119 12 (D 0,1,1) (S 105,15,42) (S 108,40,48) (S 87,30,31) (S 83,23,29) (S 88,20,18) (S 104,44,4) (S 98,27,37) (S 61,37,25) (S 96,25,37) (S 109,19,49) (D 0,1,1)
