4189
8
1410100
17217
0 1 1 1807 344 8 (D 0,1,1) (S 25,22,15) (S 13,15,14) (S 23,14,15) (S 21,15,19) (S 22,19,20) (S 19,18,16) (D 0,1,1)
0 1 2 1778 270 8 (D 0,1,1) (S 32,22,20) (S 31,20,19) (S 29,19,25) (S 28,25,24) (S 34,24,26) (S 44,31,32) (D 0,1,1)
0 1 3 1800 480 10 (D 0,1,1) (S 37,28,26) (S 33,26,1) (S 1,1,1) (S 45,1,34) (S 46,34,27) (S 36,27,26) (S 20,19,18) (S 42,22,33) (D 0,1,1)
0 1 4 1794 608 10 (D 0,1,1) (S 39,30,28) (S 38,28,29) (S 47,29,27) (S 17,1,17) (S 6,9,7) (S 5,7,8) (S 10,13,12) (S 8,10,11) (D 0,1,1)
0 1 5 1756 572 9 (D 0,1,1) (S 16,16,11) (S 9,12,10) (S 18,12,18) (S 30,25,20) (S 40,30,31) (S 51,31,36) (S 52,36,37) (D 0,1,1)
0 1 6 1810 689 11 (D 0,1,1) (S 49,30,35) (S 50,35,36) (S 43,31,30) (S 35,26,25) (S 24,15,21) (S 27,21,23) (S 53,23,38) (S 41,33,32) (S 48,29,35) (D 0,1,1)
0 1 7 1747 862 10 (D 0,1,1) (S 26,21,14) (S 14,14,6) (S 4,6,5) (S 3,5,4) (S 11,4,14) (S 2,3,2) (S 12,13,14) (S 7,10,7) (D 0,1,1)
0 1 8 66 364 3 (D 0,1,1) (S 15,11,9) (D 0,1,1)
