8227
15
1100200
45397
0 1 1 1810 230 10 (D 0,1,1) (S 2,2,2) (S 9,9,9) (S 8,8,8) (S 69,8,15) (S 15,15,15) (S 72,15,16) (S 70,16,15) (S 75,16,17) (D 0,1,1)
0 1 2 1814 459 8 (D 0,1,1) (S 46,2,1) (S 1,1,1) (S 47,1,8) (S 7,7,7) (S 14,14,14) (S 94,28,29) (D 0,1,1)
0 1 3 1813 319 8 (D 0,1,1) (S 49,2,9) (S 71,9,16) (S 16,16,16) (S 26,26,26) (S 27,27,27) (S 33,33,33) (D 0,1,1)
0 1 4 1809 268 9 (D 0,1,1) (S 50,2,3) (S 3,3,3) (S 73,3,17) (S 17,17,17) (S 86,17,23) (S 76,23,17) (S 77,17,18) (D 0,1,1)
0 1 5 1809 452 9 (D 0,1,1) (S 58,7,43) (S 45,43,1) (S 60,8,7) (S 59,7,14) (S 25,25,25) (S 87,25,47) (S 90,49,41) (D 0,1,1)
0 1 6 1810 529 8 (D 0,1,1) (S 19,19,19) (S 18,18,18) (S 24,24,24) (S 29,29,29) (S 80,19,20) (S 55,12,44) (D 0,1,1)
0 1 7 1812 452 8 (D 0,1,1) (S 61,46,45) (S 63,45,10) (S 10,10,10) (S 64,10,19) (S 20,20,20) (S 54,44,6) (D 0,1,1)
0 1 8 1812 550 9 (D 0,1,1) (S 12,12,12) (S 66,12,11) (S 11,11,11) (S 5,5,5) (S 52,5,44) (S 85,13,22) (S 93,28,27) (D 0,1,1)
0 1 9 1817 843 8 (D 0,1,1) (S 44,33,42) (S 92,33,27) (S 42,27,23) (S 23,23,23) (S 74,17,46) (S 99,35,48) (D 0,1,1)
0 1 10 1816 536 11 (D 0,1,1) (S 48,2,3) (S 79,19,18) (S 62,18,45) (S 4,4,4) (S 51,4,10) (S 78,10,19) (S 21,21,21) (S 81,21,20) (S 83,21,12) (D 0,1,1)
0 1 11 1806 537 9 (D 0,1,1) (S 41,19,29) (S 95,29,30) (S 30,30,30) (S 39,39,39) (S 107,39,38) (S 106,38,37) (S 89,26,49) (D 0,1,1)
0 1 12 1815 725 11 (D 0,1,1) (S 56,44,6) (S 6,6,6) (S 13,13,13) (S 57,13,6) (S 68,12,22) (S 22,22,22) (S 84,22,12) (S 67,12,21) (S 101,32,36) (D 0,1,1)
0 1 13 1782 412 8 (D 0,1,1) (S 35,35,35) (S 100,35,36) (S 36,36,36) (S 32,32,32) (S 43,32,41) (S 91,32,26) (D 0,1,1)
0 1 14 1814 1233 10 (D 0,1,1) (S 34,34,34) (S 88,25,48) (S 37,37,37) (S 103,37,28) (S 28,28,28) (S 65,20,11) (S 53,5,12) (S 105,29,38) (D 0,1,1)
0 1 15 1559 682 12 (D 0,1,1) (S 82,20,30) (S 96,30,39) (S 108,39,40) (S 40,40,40) (S 31,31,31) (S 38,38,38) (S 104,38,37) (S 102,42,36) (S 98,32,33) (S 97,32,26) (D 0,1,1)
