814
10
2206400
61474
0 1 1 75 34 10 (D 0,1,1) (S 2,2,2) (S 1,1,1) (S 5,5,5) (S 4,4,4) (S 8,8,8) (S 15,15,15) (S 14,14,14) (S 7,7,7) (D 0,1,1)
0 1 2 75 55 15 (D 0,1,1) (S 33,2,1) (S 36,34,10) (S 10,10,10) (S 11,11,11) (S 18,18,18) (S 46,11,6) (S 6,6,6) (S 12,12,12) (S 59,12,11) (S 61,10,9) (S 9,9,9) (S 48,9,16) (S 76,21,19) (D 0,1,1)
0 1 3 75 62 13 (D 0,1,1) (S 58,2,44) (S 85,44,37) (S 42,37,6) (S 54,10,17) (S 17,17,17) (S 16,16,16) (S 38,16,15) (S 43,14,7) (S 3,3,3) (S 65,3,7) (S 13,13,13) (D 0,1,1)
0 1 4 75 78 13 (D 0,1,1) (S 24,24,24) (S 90,24,50) (S 117,50,45) (S 86,45,13) (S 47,13,14) (S 19,19,19) (S 96,19,13) (S 37,19,33) (S 26,26,26) (S 35,26,33) (S 94,48,31) (D 0,1,1)
0 1 5 75 74 17 (D 0,1,1) (S 45,22,36) (S 55,36,21) (S 21,21,21) (S 108,21,33) (S 30,30,30) (S 31,31,31) (S 104,31,48) (S 84,48,49) (S 28,28,28) (S 64,28,49) (S 99,49,27) (S 27,27,27) (S 29,29,29) (S 72,29,27) (S 100,49,28) (D 0,1,1)
0 1 6 75 76 12 (D 0,1,1) (S 107,40,23) (S 23,23,23) (S 39,23,35) (S 25,25,25) (S 40,25,36) (S 41,36,16) (S 53,36,42) (S 74,42,35) (S 57,27,43) (S 98,27,35) (D 0,1,1)
0 1 7 75 91 17 (D 0,1,1) (S 22,22,22) (S 62,22,18) (S 79,18,22) (S 91,23,43) (S 82,43,35) (S 68,42,49) (S 113,49,42) (S 51,28,41) (S 109,41,29) (S 95,29,27) (S 112,41,32) (S 32,32,32) (S 69,32,48) (S 63,48,25) (S 103,33,21) (D 0,1,1)
0 1 8 74 94 16 (D 0,1,1) (S 44,12,38) (S 49,38,39) (S 50,39,40) (S 56,39,20) (S 20,20,20) (S 88,20,43) (S 119,43,20) (S 73,13,3) (S 110,3,7) (S 118,7,8) (S 75,8,9) (S 114,9,8) (S 81,9,4) (S 121,4,47) (D 0,1,1)
0 1 9 74 144 18 (D 0,1,1) (S 66,6,12) (S 92,12,6) (S 102,6,34) (S 120,34,5) (S 116,5,4) (S 89,4,9) (S 52,4,3) (S 34,26,24) (S 60,24,45) (S 83,30,46) (S 71,46,30) (S 97,31,32) (S 78,22,17) (S 67,17,22) (S 101,22,23) (S 87,18,40) (D 0,1,1)
0 1 10 31 106 10 (D 0,1,1) (S 106,37,38) (S 80,38,37) (S 111,18,40) (S 93,43,29) (S 105,27,41) (S 115,41,27) (S 77,9,5) (S 70,5,4) (D 0,1,1)
