190
8
397300
5695
0 1 1 27 5 6 (D 0,1,1) (S 2,2,2) (S 23,2,9) (S 24,2,7) (S 6,6,6) (D 0,1,1)
0 1 2 27 8 6 (D 0,1,1) (S 1,1,1) (S 4,4,4) (S 22,4,10) (S 30,10,1) (D 0,1,1)
0 1 3 27 13 7 (D 0,1,1) (S 3,3,3) (S 19,3,8) (S 25,7,10) (S 7,1,6) (S 34,7,4) (D 0,1,1)
0 1 4 27 12 6 (D 0,1,1) (S 5,5,5) (S 31,7,9) (S 20,6,11) (S 29,6,7) (D 0,1,1)
0 1 5 27 26 7 (D 0,1,1) (S 8,7,3) (S 18,3,5) (S 26,7,11) (S 14,6,4) (S 37,7,8) (D 0,1,1)
0 1 6 27 37 6 (D 0,1,1) (S 17,2,11) (S 28,11,4) (S 9,8,9) (S 15,9,3) (D 0,1,1)
0 1 7 27 43 8 (D 0,1,1) (S 38,6,3) (S 10,1,7) (S 13,5,10) (S 12,10,3) (S 33,8,11) (S 36,11,1) (D 0,1,1)
0 1 8 16 46 8 (D 0,1,1) (S 11,2,1) (S 27,6,8) (S 35,8,1) (S 16,10,8) (S 32,8,5) (S 21,2,3) (D 0,1,1)
