9409
15
2309100
29194
0 1 1 189 540 9 (D 0,1,1) (S 2,2,2) (S 52,2,43) (S 54,2,44) (S 55,44,45) (S 58,45,47) (S 56,44,13) (S 62,49,50) (D 0,1,1)
0 1 2 190 286 12 (D 0,1,1) (S 53,2,41) (S 47,41,40) (S 1,1,1) (S 48,1,40) (S 46,40,39) (S 20,20,20) (S 8,8,8) (S 4,4,4) (S 75,4,58) (S 74,57,8) (D 0,1,1)
0 1 3 190 382 7 (D 0,1,1) (S 57,44,46) (S 18,18,18) (S 3,3,3) (S 17,17,17) (S 63,49,46) (D 0,1,1)
0 1 4 189 616 9 (D 0,1,1) (S 59,45,16) (S 16,16,16) (S 60,16,48) (S 61,16,49) (S 64,46,18) (S 81,3,62) (S 85,63,65) (D 0,1,1)
0 1 5 189 726 8 (D 0,1,1) (S 101,34,75) (S 19,19,19) (S 98,19,74) (S 96,74,73) (S 100,19,76) (S 97,74,75) (D 0,1,1)
0 1 6 190 564 6 (D 0,1,1) (S 65,51,17) (S 82,62,63) (S 83,63,64) (S 71,54,56) (D 0,1,1)
0 1 7 190 624 10 (D 0,1,1) (S 102,41,7) (S 7,7,7) (S 42,7,38) (S 41,38,37) (S 40,37,35) (S 37,35,34) (S 36,34,10) (S 99,75,19) (D 0,1,1)
0 1 8 189 703 8 (D 0,1,1) (S 13,13,13) (S 84,64,29) (S 30,29,30) (S 11,11,11) (S 103,11,36) (S 39,36,34) (D 0,1,1)
0 1 9 190 482 11 (D 0,1,1) (S 44,39,20) (S 43,20,38) (S 78,20,58) (S 76,58,57) (S 77,57,59) (S 79,8,35) (S 38,35,36) (S 105,11,32) (S 5,5,5) (D 0,1,1)
0 1 10 190 467 13 (D 0,1,1) (S 51,39,6) (S 6,6,6) (S 50,6,42) (S 49,42,40) (S 45,39,7) (S 69,54,53) (S 67,53,52) (S 66,52,51) (S 68,51,53) (S 70,54,55) (S 73,56,4) (D 0,1,1)
0 1 11 187 767 11 (D 0,1,1) (S 95,72,23) (S 23,23,14) (S 14,14,14) (S 21,14,21) (S 22,14,22) (S 9,9,9) (S 25,9,24) (S 26,9,25) (S 106,4,37) (D 0,1,1)
0 1 12 190 720 8 (D 0,1,1) (S 24,23,9) (S 27,25,26) (S 28,26,27) (S 29,27,28) (S 12,12,12) (S 10,10,10) (D 0,1,1)
0 1 13 188 750 10 (D 0,1,1) (S 107,51,64) (S 94,64,72) (S 93,72,63) (S 86,65,66) (S 87,65,67) (S 88,67,68) (S 89,68,69) (S 91,67,70) (D 0,1,1)
0 1 14 187 1140 12 (D 0,1,1) (S 31,30,12) (S 32,12,5) (S 33,5,31) (S 35,10,33) (S 104,10,32) (S 34,32,5) (S 92,70,71) (S 15,15,15) (S 80,61,60) (S 72,56,8) (D 0,1,1)
0 1 15 21 642 3 (D 0,1,1) (S 90,68,15) (D 0,1,1)
