212
10
406000
7078
0 1 1 27 13 7 (D 0,1,1) (S 2,2,2) (S 6,6,6) (S 40,6,2) (S 32,4,3) (S 28,3,8) (D 0,1,1)
0 1 2 27 12 4 (D 0,1,1) (S 5,5,5) (S 43,5,8) (D 0,1,1)
0 1 3 27 9 4 (D 0,1,1) (S 1,1,1) (S 7,7,7) (D 0,1,1)
0 1 4 27 15 7 (D 0,1,1) (S 4,4,4) (S 3,3,3) (S 36,3,1) (S 34,1,11) (S 14,5,10) (D 0,1,1)
0 1 5 27 13 6 (D 0,1,1) (S 9,9,9) (S 8,8,8) (S 23,8,6) (S 27,6,1) (D 0,1,1)
0 1 6 27 9 6 (D 0,1,1) (S 19,2,10) (S 20,10,3) (S 33,3,11) (S 35,11,4) (D 0,1,1)
0 1 7 27 20 6 (D 0,1,1) (S 39,9,3) (S 37,1,5) (S 21,11,10) (S 24,10,7) (D 0,1,1)
0 1 8 27 24 7 (D 0,1,1) (S 25,2,1) (S 22,7,8) (S 12,8,10) (S 13,10,9) (S 11,9,6) (D 0,1,1)
0 1 9 27 31 6 (D 0,1,1) (S 15,2,7) (S 31,7,1) (S 44,1,10) (S 30,2,3) (D 0,1,1)
0 1 10 23 66 11 (D 0,1,1) (S 16,4,7) (S 38,7,3) (S 42,7,9) (S 17,4,5) (S 10,4,10) (S 26,10,6) (S 18,6,4) (S 29,4,9) (S 41,11,2) (D 0,1,1)
