174
8
332300
11166
0 1 1 27 9 8 (D 0,1,1) (S 2,2,2) (S 8,8,8) (S 17,8,2) (S 6,6,6) (S 15,6,2) (S 11,4,9) (D 0,1,1)
0 1 2 27 10 6 (D 0,1,1) (S 1,1,1) (S 34,1,3) (S 24,10,9) (S 25,10,4) (D 0,1,1)
0 1 3 27 9 6 (D 0,1,1) (S 5,5,5) (S 4,4,4) (S 32,10,2) (S 10,10,6) (D 0,1,1)
0 1 4 27 7 4 (D 0,1,1) (S 3,3,3) (S 7,7,7) (D 0,1,1)
0 1 5 27 24 7 (D 0,1,1) (S 30,11,3) (S 31,3,10) (S 36,10,11) (S 21,11,2) (S 27,10,7) (D 0,1,1)
0 1 6 27 26 6 (D 0,1,1) (S 29,5,3) (S 16,1,4) (S 12,4,8) (S 14,8,6) (D 0,1,1)
0 1 7 27 38 7 (D 0,1,1) (S 28,2,4) (S 35,4,11) (S 19,6,3) (S 20,7,2) (S 13,8,5) (D 0,1,1)
0 1 8 16 51 8 (D 0,1,1) (S 26,2,1) (S 22,6,7) (S 18,5,6) (S 9,9,7) (S 33,3,8) (S 23,5,7) (D 0,1,1)
