766
9
1105900
33068
0 1 1 75 52 7 (D 0,1,1) (S 2,2,2) (S 3,3,3) (S 9,9,9) (S 74,4,3) (S 4,4,4) (D 0,1,1)
0 1 2 75 62 9 (D 0,1,1) (S 1,1,1) (S 11,11,11) (S 10,10,10) (S 37,10,11) (S 15,15,15) (S 59,15,16) (S 20,20,20) (D 0,1,1)
0 1 3 75 54 12 (D 0,1,1) (S 8,8,8) (S 41,8,31) (S 58,31,13) (S 13,13,13) (S 12,12,12) (S 7,7,7) (S 26,7,12) (S 17,17,17) (S 21,21,21) (S 34,21,20) (D 0,1,1)
0 1 4 75 85 12 (D 0,1,1) (S 40,8,32) (S 18,18,18) (S 28,18,22) (S 22,22,22) (S 32,21,29) (S 35,29,30) (S 24,24,24) (S 67,24,15) (S 66,15,10) (S 55,11,6) (D 0,1,1)
0 1 5 75 88 15 (D 0,1,1) (S 77,2,3) (S 78,31,28) (S 42,28,27) (S 23,23,23) (S 39,23,26) (S 25,25,25) (S 27,25,26) (S 43,26,34) (S 76,34,29) (S 51,29,34) (S 44,34,26) (S 46,25,19) (S 72,17,21) (D 0,1,1)
0 1 6 75 85 8 (D 0,1,1) (S 38,1,11) (S 6,6,6) (S 5,5,5) (S 65,5,15) (S 29,13,27) (S 50,27,23) (D 0,1,1)
0 1 7 75 112 14 (D 0,1,1) (S 56,1,7) (S 47,12,17) (S 62,17,21) (S 16,16,16) (S 31,16,20) (S 68,20,30) (S 70,24,20) (S 54,20,24) (S 79,25,19) (S 19,19,19) (S 33,19,28) (S 61,13,32) (D 0,1,1)
0 1 8 75 165 15 (D 0,1,1) (S 36,31,14) (S 14,14,14) (S 60,14,19) (S 49,19,9) (S 53,9,4) (S 71,9,8) (S 48,13,18) (S 52,18,13) (S 30,28,23) (S 69,23,22) (S 63,22,23) (S 64,34,22) (S 57,6,33) (D 0,1,1)
0 1 9 14 63 5 (D 0,1,1) (S 45,5,6) (S 75,6,5) (S 73,5,33) (D 0,1,1)
