6188
12
2624800
31556
0 1 1 1838 251 9 (D 0,1,1) (S 2,2,2) (S 3,3,3) (S 10,10,10) (S 72,10,3) (S 4,4,4) (S 17,17,17) (S 75,18,19) (D 0,1,1)
0 1 2 1853 329 8 (D 0,1,1) (S 9,9,9) (S 16,16,16) (S 15,15,15) (S 14,14,14) (S 74,14,66) (S 19,19,19) (D 0,1,1)
0 1 3 1864 420 8 (D 0,1,1) (S 66,4,11) (S 11,11,11) (S 18,18,18) (S 20,20,20) (S 21,21,21) (S 6,6,6) (D 0,1,1)
0 1 4 1850 384 9 (D 0,1,1) (S 1,1,1) (S 67,16,17) (S 73,10,4) (S 5,5,5) (S 26,26,26) (S 68,26,35) (S 35,35,35) (D 0,1,1)
0 1 5 1857 546 8 (D 0,1,1) (S 30,30,30) (S 29,29,29) (S 58,58,58) (S 59,59,59) (S 44,44,44) (S 48,48,48) (D 0,1,1)
0 1 6 1826 470 8 (D 0,1,1) (S 36,36,36) (S 37,37,37) (S 39,39,39) (S 49,49,49) (S 57,57,57) (S 47,47,47) (D 0,1,1)
0 1 7 1840 453 8 (D 0,1,1) (S 69,44,45) (S 45,45,45) (S 46,46,46) (S 54,54,54) (S 53,53,53) (S 82,61,62) (D 0,1,1)
0 1 8 1816 522 9 (D 0,1,1) (S 52,52,52) (S 60,60,60) (S 51,51,51) (S 43,43,43) (S 42,42,42) (S 80,67,58) (S 61,61,61) (D 0,1,1)
0 1 9 1807 500 7 (D 0,1,1) (S 55,55,55) (S 56,56,56) (S 63,63,63) (S 64,64,64) (S 79,55,47) (D 0,1,1)
0 1 10 1850 724 12 (D 0,1,1) (S 8,8,8) (S 25,25,25) (S 76,32,45) (S 70,46,60) (S 71,52,51) (S 81,51,59) (S 78,47,48) (S 41,41,41) (S 38,38,38) (S 22,22,22) (D 0,1,1)
0 1 11 1854 735 11 (D 0,1,1) (S 13,13,13) (S 7,7,7) (S 12,12,12) (S 27,27,27) (S 77,36,37) (S 40,40,40) (S 50,50,50) (S 65,65,65) (S 31,31,31) (D 0,1,1)
0 1 12 920 854 9 (D 0,1,1) (S 34,34,34) (S 33,33,33) (S 32,32,32) (S 24,24,24) (S 23,23,23) (S 28,28,28) (S 62,62,62) (D 0,1,1)
