474
10
607400
14898
0 1 1 49 18 8 (D 0,1,1) (S 2,2,2) (S 1,1,1) (S 48,1,2) (S 6,6,6) (S 26,10,3) (S 3,3,3) (D 0,1,1)
0 1 2 50 29 7 (D 0,1,1) (S 5,5,5) (S 36,5,28) (S 8,8,8) (S 54,8,28) (S 22,22,22) (D 0,1,1)
0 1 3 49 45 7 (D 0,1,1) (S 28,1,23) (S 27,23,9) (S 9,9,9) (S 25,10,14) (S 15,15,15) (D 0,1,1)
0 1 4 49 37 7 (D 0,1,1) (S 7,7,7) (S 11,11,11) (S 58,12,8) (S 4,4,4) (S 39,4,22) (D 0,1,1)
0 1 5 50 30 9 (D 0,1,1) (S 21,21,21) (S 20,20,20) (S 19,19,19) (S 24,19,20) (S 17,17,17) (S 16,16,16) (S 32,22,26) (D 0,1,1)
0 1 6 49 53 7 (D 0,1,1) (S 23,6,23) (S 30,15,24) (S 42,24,14) (S 14,14,14) (S 13,13,13) (D 0,1,1)
0 1 7 50 44 9 (D 0,1,1) (S 35,22,28) (S 52,28,4) (S 34,22,21) (S 18,18,18) (S 29,18,16) (S 45,16,19) (S 53,19,27) (D 0,1,1)
0 1 8 50 61 10 (D 0,1,1) (S 37,1,26) (S 41,26,31) (S 56,31,26) (S 44,26,1) (S 46,14,25) (S 31,25,24) (S 55,13,9) (S 10,10,10) (D 0,1,1)
0 1 9 50 107 14 (D 0,1,1) (S 51,4,7) (S 47,7,30) (S 12,12,12) (S 38,12,29) (S 57,8,9) (S 43,9,8) (S 61,28,4) (S 33,22,27) (S 49,21,31) (S 59,14,13) (S 62,13,15) (S 60,13,14) (D 0,1,1)
0 1 10 5 50 4 (D 0,1,1) (S 50,6,3) (S 40,30,11) (D 0,1,1)
