166
6
497200
7804
0 1 1 27 10 6 (D 0,1,1) (S 2,2,2) (S 21,1,7) (S 27,7,10) (S 13,5,8) (D 0,1,1)
0 1 2 27 12 5 (D 0,1,1) (S 1,1,1) (S 5,5,5) (S 23,1,3) (D 0,1,1)
0 1 3 27 21 6 (D 0,1,1) (S 22,1,11) (S 4,4,4) (S 20,4,5) (S 25,7,2) (D 0,1,1)
0 1 4 27 31 7 (D 0,1,1) (S 3,3,3) (S 6,6,6) (S 14,6,8) (S 7,8,7) (S 9,7,9) (D 0,1,1)
0 1 5 27 36 7 (D 0,1,1) (S 10,2,10) (S 26,5,11) (S 11,11,6) (S 12,6,3) (S 15,3,10) (D 0,1,1)
0 1 6 19 56 9 (D 0,1,1) (S 17,8,3) (S 24,3,7) (S 8,4,9) (S 16,2,8) (S 18,1,6) (S 28,6,4) (S 19,4,11) (D 0,1,1)
