11923
26
2523200
86472
0 1 1 1715 196 9 (D 0,1,1) (S 2,2,2) (S 71,2,1) (S 1,1,1) (S 72,1,9) (S 9,9,9) (S 100,9,20) (S 88,11,12) (D 0,1,1)
0 1 2 1724 148 8 (D 0,1,1) (S 3,3,3) (S 4,4,4) (S 5,5,5) (S 89,5,13) (S 13,13,13) (S 12,12,12) (D 0,1,1)
0 1 3 1720 347 9 (D 0,1,1) (S 21,21,21) (S 102,21,30) (S 30,30,30) (S 29,29,29) (S 121,29,37) (S 141,73,75) (S 173,55,56) (D 0,1,1)
0 1 4 1721 227 7 (D 0,1,1) (S 85,3,11) (S 11,11,11) (S 22,22,22) (S 23,23,23) (S 90,13,14) (D 0,1,1)
0 1 5 1715 236 9 (D 0,1,1) (S 73,2,10) (S 10,10,10) (S 84,10,21) (S 101,21,20) (S 20,20,20) (S 118,20,29) (S 28,28,28) (D 0,1,1)
0 1 6 1724 563 8 (D 0,1,1) (S 64,19,28) (S 19,19,19) (S 83,19,8) (S 8,8,8) (S 82,8,64) (S 113,26,27) (D 0,1,1)
0 1 7 1717 267 8 (D 0,1,1) (S 31,31,31) (S 32,32,32) (S 125,32,22) (S 103,22,69) (S 104,69,31) (S 126,31,32) (D 0,1,1)
0 1 8 1720 408 8 (D 0,1,1) (S 74,5,13) (S 107,13,23) (S 127,23,70) (S 39,39,39) (S 149,40,76) (S 174,58,57) (D 0,1,1)
0 1 9 1712 340 8 (D 0,1,1) (S 87,4,12) (S 105,12,22) (S 144,32,74) (S 38,38,38) (S 145,38,74) (S 140,38,73) (D 0,1,1)
0 1 10 1711 377 7 (D 0,1,1) (S 86,10,11) (S 45,45,45) (S 157,45,54) (S 54,54,54) (S 68,54,53) (D 0,1,1)
0 1 11 1720 388 8 (D 0,1,1) (S 122,30,29) (S 119,29,28) (S 36,36,36) (S 137,36,37) (S 37,37,37) (S 56,56,56) (D 0,1,1)
0 1 12 1714 511 9 (D 0,1,1) (S 138,73,37) (S 139,37,73) (S 123,73,30) (S 47,47,47) (S 160,47,48) (S 162,48,58) (S 158,75,45) (D 0,1,1)
0 1 13 1721 525 10 (D 0,1,1) (S 14,14,14) (S 94,68,15) (S 15,15,15) (S 77,15,65) (S 75,65,6) (S 6,6,6) (S 109,68,70) (S 166,76,59) (D 0,1,1)
0 1 14 1718 401 8 (D 0,1,1) (S 65,25,35) (S 35,35,35) (S 136,35,71) (S 114,71,26) (S 116,26,27) (S 98,18,17) (D 0,1,1)
0 1 15 1718 736 9 (D 0,1,1) (S 70,64,1) (S 67,44,53) (S 53,53,53) (S 55,55,55) (S 57,57,57) (S 143,46,38) (S 168,42,51) (D 0,1,1)
0 1 16 1721 426 9 (D 0,1,1) (S 91,6,15) (S 92,15,66) (S 16,16,16) (S 25,25,25) (S 112,25,26) (S 26,26,26) (S 79,16,66) (D 0,1,1)
0 1 17 1723 413 7 (D 0,1,1) (S 59,59,59) (S 60,60,60) (S 49,49,49) (S 165,49,76) (S 131,40,33) (D 0,1,1)
0 1 18 1721 470 9 (D 0,1,1) (S 159,46,47) (S 48,48,48) (S 58,58,58) (S 175,58,59) (S 69,59,60) (S 176,60,49) (S 124,32,31) (D 0,1,1)
0 1 19 1723 523 8 (D 0,1,1) (S 17,17,17) (S 97,17,26) (S 135,26,71) (S 42,42,42) (S 51,51,51) (S 169,51,50) (D 0,1,1)
0 1 20 1720 439 8 (D 0,1,1) (S 40,40,40) (S 148,40,39) (S 130,39,70) (S 129,70,74) (S 147,74,39) (S 161,39,48) (D 0,1,1)
0 1 21 1692 454 10 (D 0,1,1) (S 78,66,15) (S 93,15,14) (S 76,14,6) (S 108,68,24) (S 24,24,24) (S 132,24,34) (S 34,34,34) (S 134,34,35) (D 0,1,1)
0 1 22 1703 665 9 (D 0,1,1) (S 156,37,45) (S 44,44,44) (S 66,44,36) (S 62,62,62) (S 63,63,63) (S 177,63,52) (S 52,52,52) (D 0,1,1)
0 1 23 1713 630 13 (D 0,1,1) (S 117,27,72) (S 27,27,27) (S 115,27,18) (S 18,18,18) (S 81,67,7) (S 7,7,7) (S 80,7,66) (S 111,16,25) (S 110,25,24) (S 95,25,15) (S 142,38,31) (D 0,1,1)
0 1 24 1708 597 11 (D 0,1,1) (S 150,34,77) (S 151,77,40) (S 164,40,76) (S 167,49,50) (S 50,50,50) (S 61,61,61) (S 170,62,51) (S 171,51,52) (S 152,42,41) (D 0,1,1)
0 1 25 1674 1160 16 (D 0,1,1) (S 106,22,32) (S 120,30,29) (S 99,20,19) (S 133,34,33) (S 33,33,33) (S 128,68,70) (S 146,74,47) (S 46,46,46) (S 172,55,54) (S 43,43,43) (S 154,43,72) (S 153,42,43) (S 155,43,52) (S 41,41,41) (D 0,1,1)
0 1 26 148 476 4 (D 0,1,1) (S 96,16,17) (S 163,59,48) (D 0,1,1)
