194
10
635400
14135
0 1 1 27 7 5 (D 0,1,1) (S 2,2,2) (S 9,9,9) (S 11,10,7) (D 0,1,1)
0 1 2 27 9 6 (D 0,1,1) (S 6,6,6) (S 22,6,2) (S 35,6,10) (S 34,10,8) (D 0,1,1)
0 1 3 27 9 4 (D 0,1,1) (S 8,8,8) (S 17,10,1) (D 0,1,1)
0 1 4 27 6 4 (D 0,1,1) (S 3,3,3) (S 4,4,4) (D 0,1,1)
0 1 5 27 11 4 (D 0,1,1) (S 1,1,1) (S 19,7,4) (D 0,1,1)
0 1 6 27 12 5 (D 0,1,1) (S 7,7,7) (S 23,10,4) (S 31,4,3) (D 0,1,1)
0 1 7 27 13 5 (D 0,1,1) (S 5,5,5) (S 14,3,11) (S 28,11,9) (D 0,1,1)
0 1 8 27 25 7 (D 0,1,1) (S 12,2,1) (S 24,10,5) (S 20,5,6) (S 25,10,11) (S 36,3,5) (D 0,1,1)
0 1 9 27 41 8 (D 0,1,1) (S 15,11,7) (S 26,7,2) (S 18,2,3) (S 13,1,4) (S 10,2,9) (S 29,2,5) (D 0,1,1)
0 1 10 23 61 11 (D 0,1,1) (S 21,6,9) (S 27,9,5) (S 16,5,4) (S 32,4,8) (S 33,8,5) (S 30,4,11) (S 39,11,6) (S 38,8,3) (S 37,10,2) (D 0,1,1)
