705
10
2224000
58569
0 1 1 70 49 9 (D 0,1,1) (S 2,2,2) (S 3,3,3) (S 4,4,4) (S 9,9,9) (S 10,10,10) (S 40,10,20) (S 115,24,39) (D 0,1,1)
0 1 2 70 48 9 (D 0,1,1) (S 1,1,1) (S 105,48,47) (S 6,6,6) (S 12,12,12) (S 13,13,13) (S 21,21,21) (S 101,43,17) (D 0,1,1)
0 1 3 70 49 14 (D 0,1,1) (S 50,2,4) (S 74,4,3) (S 109,3,4) (S 48,5,11) (S 11,11,11) (S 36,10,15) (S 15,15,15) (S 8,8,8) (S 14,14,14) (S 17,17,17) (S 88,17,43) (S 24,24,24) (D 0,1,1)
0 1 4 70 58 13 (D 0,1,1) (S 42,37,38) (S 91,38,32) (S 32,32,33) (S 78,33,44) (S 54,44,45) (S 62,45,49) (S 89,45,25) (S 25,25,25) (S 99,25,24) (S 110,24,39) (S 55,39,46) (D 0,1,1)
0 1 5 70 77 15 (D 0,1,1) (S 68,2,37) (S 86,37,2) (S 87,42,50) (S 84,50,6) (S 45,12,41) (S 22,22,22) (S 106,22,46) (S 113,46,43) (S 52,43,36) (S 41,36,22) (S 26,26,26) (S 27,27,27) (S 90,18,14) (D 0,1,1)
0 1 6 70 60 15 (D 0,1,1) (S 33,24,34) (S 28,28,28) (S 30,30,30) (S 31,31,31) (S 37,31,34) (S 67,34,28) (S 65,28,40) (S 64,40,23) (S 23,23,23) (S 102,23,18) (S 18,18,18) (S 49,18,19) (S 73,8,14) (D 0,1,1)
0 1 7 69 100 15 (D 0,1,1) (S 94,47,9) (S 100,9,8) (S 38,8,15) (S 69,15,18) (S 19,19,19) (S 77,19,25) (S 70,25,49) (S 44,39,40) (S 98,40,27) (S 56,27,46) (S 80,46,27) (S 39,26,35) (S 29,29,29) (D 0,1,1)
0 1 8 70 80 16 (D 0,1,1) (S 93,38,32) (S 5,5,5) (S 108,5,48) (S 72,48,10) (S 57,10,19) (S 34,19,24) (S 51,39,17) (S 47,17,18) (S 96,19,10) (S 114,33,44) (S 112,44,20) (S 20,20,20) (S 95,20,44) (S 111,20,25) (D 0,1,1)
0 1 9 70 110 17 (D 0,1,1) (S 76,42,6) (S 66,6,13) (S 7,7,7) (S 46,7,42) (S 43,7,14) (S 85,14,15) (S 53,8,7) (S 58,7,13) (S 35,28,29) (S 63,29,30) (S 75,30,29) (S 104,29,27) (S 92,16,41) (S 16,16,16) (S 81,16,21) (D 0,1,1)
0 1 10 25 74 12 (D 0,1,1) (S 60,47,42) (S 82,42,47) (S 97,5,32) (S 103,32,5) (S 79,15,19) (S 61,18,14) (S 107,14,15) (S 59,36,16) (S 71,16,36) (S 83,16,41) (D 0,1,1)
