1368
24
1434800
129833
0 1 1 75 19 12 (D 0,1,1) (S 2,2,2) (S 7,7,7) (S 55,7,41) (S 26,26,26) (S 67,26,41) (S 18,18,18) (S 64,18,41) (S 164,41,26) (S 27,27,27) (S 80,27,26) (D 0,1,1)
0 1 2 75 43 13 (D 0,1,1) (S 50,2,38) (S 40,38,37) (S 137,37,38) (S 147,38,2) (S 53,2,18) (S 161,18,41) (S 152,41,7) (S 12,12,12) (S 39,12,37) (S 51,38,40) (S 13,13,13) (D 0,1,1)
0 1 3 75 33 14 (D 0,1,1) (S 150,2,18) (S 62,18,40) (S 16,16,16) (S 14,14,14) (S 38,14,36) (S 135,36,14) (S 48,14,16) (S 60,16,40) (S 157,40,16) (S 61,16,24) (S 24,24,24) (S 71,13,22) (D 0,1,1)
0 1 4 75 39 11 (D 0,1,1) (S 52,2,7) (S 15,15,15) (S 84,15,43) (S 29,29,29) (S 31,31,31) (S 94,31,29) (S 191,29,31) (S 23,23,23) (S 112,23,30) (D 0,1,1)
0 1 5 75 43 13 (D 0,1,1) (S 149,2,7) (S 56,7,21) (S 21,21,21) (S 66,21,41) (S 163,41,21) (S 69,21,15) (S 181,15,43) (S 86,43,29) (S 183,29,43) (S 35,35,35) (S 68,35,21) (D 0,1,1)
0 1 6 75 43 9 (D 0,1,1) (S 3,3,3) (S 19,19,19) (S 32,32,32) (S 17,17,17) (S 10,10,10) (S 121,10,47) (S 120,47,17) (D 0,1,1)
0 1 7 75 65 11 (D 0,1,1) (S 8,8,8) (S 43,8,39) (S 140,39,8) (S 57,8,35) (S 154,35,8) (S 54,8,7) (S 153,7,21) (S 166,21,15) (S 34,34,34) (D 0,1,1)
0 1 8 75 44 13 (D 0,1,1) (S 22,22,22) (S 72,22,3) (S 75,3,13) (S 59,13,4) (S 4,4,4) (S 156,4,13) (S 172,13,3) (S 169,3,22) (S 168,22,13) (S 98,19,45) (S 25,25,25) (D 0,1,1)
0 1 9 74 41 12 (D 0,1,1) (S 83,26,28) (S 28,28,28) (S 180,28,26) (S 177,26,27) (S 78,27,42) (S 6,6,6) (S 90,6,19) (S 195,19,45) (S 108,45,46) (S 205,46,45) (D 0,1,1)
0 1 10 74 35 12 (D 0,1,1) (S 159,18,40) (S 49,40,14) (S 145,14,16) (S 158,16,24) (S 74,24,13) (S 171,13,24) (S 76,24,42) (S 63,42,40) (S 146,40,14) (S 47,14,38) (D 0,1,1)
0 1 11 75 76 12 (D 0,1,1) (S 65,18,27) (S 175,27,42) (S 160,42,40) (S 148,40,38) (S 136,37,12) (S 41,12,39) (S 138,39,12) (S 42,12,7) (S 139,7,12) (S 111,34,23) (D 0,1,1)
0 1 12 75 46 13 (D 0,1,1) (S 162,18,27) (S 81,27,28) (S 100,28,34) (S 114,34,25) (S 124,25,48) (S 221,48,25) (S 33,33,33) (S 115,33,25) (S 211,25,34) (S 197,34,28) (S 208,34,23) (D 0,1,1)
0 1 13 74 53 14 (D 0,1,1) (S 9,9,9) (S 30,30,30) (S 123,30,9) (S 220,9,30) (S 209,30,23) (S 109,23,32) (S 107,32,45) (S 204,45,32) (S 206,32,23) (S 93,23,6) (S 187,6,19) (S 88,19,3) (D 0,1,1)
0 1 14 74 59 11 (D 0,1,1) (S 36,37,36) (S 20,20,20) (S 45,20,4) (S 142,4,20) (S 46,20,22) (S 73,22,44) (S 87,44,3) (S 185,3,19) (S 184,3,44) (D 0,1,1)
0 1 15 74 66 10 (D 0,1,1) (S 133,37,36) (S 37,36,20) (S 143,20,22) (S 170,22,44) (S 89,3,45) (S 5,5,5) (S 104,5,11) (S 11,11,11) (D 0,1,1)
0 1 16 74 79 11 (D 0,1,1) (S 144,38,14) (S 44,14,20) (S 134,20,36) (S 141,14,20) (S 186,3,45) (S 105,46,5) (S 201,5,11) (S 97,11,44) (S 194,44,11) (D 0,1,1)
0 1 17 74 71 11 (D 0,1,1) (S 151,7,8) (S 70,35,43) (S 85,15,31) (S 101,31,34) (S 198,34,31) (S 182,31,15) (S 82,15,26) (S 179,26,15) (S 99,31,28) (D 0,1,1)
0 1 18 73 68 12 (D 0,1,1) (S 91,28,6) (S 79,6,42) (S 173,42,24) (S 77,24,19) (S 202,46,5) (S 106,5,1) (S 1,1,1) (S 129,1,49) (S 130,49,17) (S 217,17,47) (D 0,1,1)
0 1 19 75 67 10 (D 0,1,1) (S 188,28,6) (S 176,6,42) (S 190,6,23) (S 122,30,25) (S 212,25,33) (S 102,33,31) (S 199,31,33) (S 113,33,34) (D 0,1,1)
0 1 20 75 70 12 (D 0,1,1) (S 174,24,19) (S 103,45,5) (S 203,5,1) (S 226,1,49) (S 227,49,17) (S 131,17,10) (S 218,10,47) (S 119,47,30) (S 219,30,25) (S 196,28,31) (D 0,1,1)
0 1 21 75 91 11 (D 0,1,1) (S 178,27,28) (S 95,29,33) (S 192,33,29) (S 210,34,33) (S 116,33,48) (S 128,48,50) (S 225,50,48) (S 213,48,33) (S 126,9,10) (D 0,1,1)
0 1 22 75 96 11 (D 0,1,1) (S 165,21,35) (S 167,35,43) (S 132,50,10) (S 228,10,17) (S 216,47,30) (S 127,9,50) (S 224,50,9) (S 223,9,10) (S 229,10,50) (D 0,1,1)
0 1 23 72 85 15 (D 0,1,1) (S 58,16,4) (S 155,4,16) (S 92,6,32) (S 189,32,6) (S 200,45,5) (S 96,5,44) (S 193,44,5) (S 117,46,47) (S 110,47,32) (S 207,32,47) (S 214,47,46) (S 118,46,49) (S 215,49,46) (D 0,1,1)
0 1 24 12 36 4 (D 0,1,1) (S 125,25,50) (S 222,50,25) (D 0,1,1)
