16404
27
11079200
214416
0 1 1 234 393 16 (D 0,1,1) (S 2,2,2) (S 24,24,24) (S 120,24,91) (S 119,91,89) (S 117,89,88) (S 31,31,31) (S 22,22,22) (S 155,22,26) (S 26,26,26) (S 44,44,44) (S 157,44,110) (S 156,110,26) (S 252,26,110) (S 162,111,113) (D 0,1,1)
0 1 2 235 578 16 (D 0,1,1) (S 121,2,24) (S 197,24,81) (S 105,81,80) (S 104,80,79) (S 103,79,78) (S 102,78,77) (S 195,77,76) (S 100,76,75) (S 99,75,74) (S 42,42,42) (S 98,42,73) (S 5,5,5) (S 96,5,43) (S 151,107,108) (D 0,1,1)
0 1 3 235 343 16 (D 0,1,1) (S 122,2,91) (S 215,91,89) (S 118,89,90) (S 214,90,89) (S 213,89,88) (S 116,88,84) (S 112,84,80) (S 200,80,79) (S 199,79,78) (S 194,78,76) (S 101,76,43) (S 43,43,43) (S 111,43,47) (S 25,25,25) (D 0,1,1)
0 1 4 233 241 16 (D 0,1,1) (S 123,2,92) (S 124,92,93) (S 126,93,94) (S 125,94,92) (S 219,92,2) (S 217,2,24) (S 216,24,91) (S 218,91,2) (S 11,11,11) (S 128,11,95) (S 28,28,28) (S 130,28,95) (S 129,95,94) (S 222,94,93) (D 0,1,1)
0 1 5 235 368 15 (D 0,1,1) (S 106,81,82) (S 107,82,83) (S 108,83,25) (S 48,48,48) (S 89,48,71) (S 87,71,70) (S 86,70,67) (S 7,7,7) (S 21,21,21) (S 77,21,7) (S 32,32,32) (S 14,14,14) (S 81,14,32) (D 0,1,1)
0 1 6 235 388 13 (D 0,1,1) (S 202,81,82) (S 110,82,47) (S 47,47,47) (S 109,47,83) (S 203,83,82) (S 206,82,47) (S 205,47,83) (S 204,83,25) (S 90,25,48) (S 91,25,65) (S 94,71,72) (D 0,1,1)
0 1 7 233 479 9 (D 0,1,1) (S 220,92,93) (S 127,93,48) (S 223,48,93) (S 225,94,95) (S 224,95,11) (S 76,21,65) (S 226,28,95) (D 0,1,1)
0 1 8 235 687 12 (D 0,1,1) (S 221,92,94) (S 85,69,10) (S 10,10,10) (S 83,10,68) (S 82,68,14) (S 80,32,7) (S 79,7,67) (S 93,72,69) (S 92,69,70) (S 247,107,108) (D 0,1,1)
0 1 9 235 421 16 (D 0,1,1) (S 293,24,81) (S 201,81,80) (S 208,80,84) (S 113,84,85) (S 114,85,86) (S 115,86,87) (S 211,87,86) (S 147,86,106) (S 148,106,85) (S 209,85,84) (S 212,84,88) (S 154,109,12) (S 12,12,12) (S 4,4,4) (D 0,1,1)
0 1 10 235 582 6 (D 0,1,1) (S 161,18,112) (S 257,112,18) (S 18,18,18) (S 165,111,114) (D 0,1,1)
0 1 11 235 524 14 (D 0,1,1) (S 75,65,66) (S 95,66,64) (S 73,64,62) (S 38,38,38) (S 33,33,33) (S 70,33,38) (S 68,38,61) (S 67,61,29) (S 29,29,29) (S 36,36,36) (S 65,36,29) (S 8,8,8) (D 0,1,1)
0 1 12 233 511 13 (D 0,1,1) (S 174,119,49) (S 49,49,49) (S 168,49,115) (S 166,115,114) (S 164,114,113) (S 13,13,13) (S 163,13,113) (S 258,113,111) (S 158,111,44) (S 160,44,18) (S 261,111,114) (D 0,1,1)
0 1 13 235 522 11 (D 0,1,1) (S 270,119,49) (S 264,49,115) (S 167,115,15) (S 15,15,15) (S 263,15,115) (S 262,115,114) (S 260,114,113) (S 259,113,13) (S 159,111,18) (D 0,1,1)
0 1 14 235 651 15 (D 0,1,1) (S 244,85,106) (S 243,106,86) (S 210,86,85) (S 250,109,12) (S 20,20,20) (S 149,20,4) (S 150,4,107) (S 153,107,12) (S 152,12,4) (S 245,4,20) (S 246,4,107) (S 248,4,12) (S 207,43,47) (D 0,1,1)
0 1 15 232 495 12 (D 0,1,1) (S 172,119,118) (S 45,45,45) (S 171,45,118) (S 170,118,117) (S 169,117,116) (S 265,116,117) (S 266,117,118) (S 173,118,120) (S 19,19,19) (S 41,41,41) (D 0,1,1)
0 1 16 235 521 15 (D 0,1,1) (S 268,119,118) (S 267,118,45) (S 269,118,120) (S 9,9,9) (S 144,9,103) (S 143,103,102) (S 142,102,101) (S 140,101,99) (S 39,39,39) (S 134,39,97) (S 133,97,96) (S 132,96,28) (S 135,97,98) (D 0,1,1)
0 1 17 233 620 9 (D 0,1,1) (S 175,122,121) (S 271,121,122) (S 176,122,50) (S 50,50,50) (S 16,16,16) (S 27,27,27) (S 35,35,35) (D 0,1,1)
0 1 18 234 733 10 (D 0,1,1) (S 196,54,61) (S 292,61,54) (S 54,54,30) (S 30,30,30) (S 52,30,52) (S 51,52,51) (S 17,17,17) (S 69,38,62) (D 0,1,1)
0 1 19 233 950 12 (D 0,1,1) (S 249,12,107) (S 256,44,18) (S 255,18,111) (S 254,111,44) (S 253,44,110) (S 251,26,22) (S 192,130,16) (S 184,16,35) (S 185,35,27) (S 186,27,127) (D 0,1,1)
0 1 20 234 543 19 (D 0,1,1) (S 131,28,72) (S 227,72,28) (S 228,28,96) (S 229,96,97) (S 230,97,39) (S 136,39,98) (S 139,98,100) (S 138,100,99) (S 137,99,39) (S 232,39,98) (S 231,98,97) (S 235,98,100) (S 141,100,101) (S 236,101,99) (S 146,99,105) (S 145,105,104) (S 34,34,34) (D 0,1,1)
0 1 21 235 766 10 (D 0,1,1) (S 61,8,1) (S 1,1,1) (S 64,59,36) (S 63,36,8) (S 60,8,23) (S 23,23,23) (S 6,6,6) (S 62,8,58) (D 0,1,1)
0 1 22 233 754 15 (D 0,1,1) (S 242,99,105) (S 241,105,104) (S 237,101,100) (S 234,100,99) (S 233,99,39) (S 239,102,103) (S 240,103,9) (S 288,130,16) (S 183,16,50) (S 177,50,3) (S 3,3,3) (S 178,3,123) (S 181,3,125) (D 0,1,1)
0 1 23 235 826 12 (D 0,1,1) (S 66,29,60) (S 71,63,33) (S 72,33,37) (S 37,37,37) (S 55,54,23) (S 56,23,6) (S 40,40,40) (S 57,40,6) (S 58,6,55) (S 88,71,67) (D 0,1,1)
0 1 24 235 1154 11 (D 0,1,1) (S 291,77,76) (S 290,76,78) (S 198,78,77) (S 74,64,54) (S 53,30,53) (S 59,56,57) (S 179,123,124) (S 275,124,123) (S 274,123,3) (D 0,1,1)
0 1 25 234 1080 17 (D 0,1,1) (S 78,67,21) (S 84,32,10) (S 182,50,126) (S 278,126,50) (S 272,50,122) (S 279,50,16) (S 280,16,35) (S 281,35,27) (S 187,27,128) (S 188,128,127) (S 189,127,46) (S 46,46,46) (S 191,46,130) (S 287,130,46) (S 97,5,73) (D 0,1,1)
0 1 26 229 806 13 (D 0,1,1) (S 285,46,127) (S 282,127,27) (S 283,27,128) (S 284,128,127) (S 190,46,129) (S 286,129,46) (S 193,130,131) (S 289,131,130) (S 180,125,123) (S 276,123,125) (S 277,125,3) (D 0,1,1)
0 1 27 25 468 4 (D 0,1,1) (S 238,101,102) (S 273,50,3) (D 0,1,1)
