855
9
1382300
25249
0 1 1 75 38 8 (D 0,1,1) (S 2,2,2) (S 7,7,7) (S 6,6,6) (S 13,13,13) (S 14,14,14) (S 12,12,12) (D 0,1,1)
0 1 2 75 47 11 (D 0,1,1) (S 53,2,3) (S 3,3,3) (S 8,8,8) (S 10,10,10) (S 16,16,16) (S 85,16,24) (S 30,24,30) (S 84,30,40) (S 64,16,11) (D 0,1,1)
0 1 3 75 67 13 (D 0,1,1) (S 31,2,28) (S 29,28,29) (S 5,5,5) (S 88,5,29) (S 32,4,8) (S 11,11,11) (S 25,11,24) (S 54,30,27) (S 28,27,9) (S 9,9,9) (S 27,23,26) (D 0,1,1)
0 1 4 75 56 12 (D 0,1,1) (S 44,28,4) (S 4,4,4) (S 33,4,9) (S 35,4,3) (S 34,3,23) (S 23,23,6) (S 48,6,12) (S 18,18,18) (S 17,17,17) (S 49,17,12) (D 0,1,1)
0 1 5 75 94 12 (D 0,1,1) (S 47,2,26) (S 86,34,39) (S 56,39,6) (S 91,6,13) (S 24,13,14) (S 15,15,15) (S 37,15,32) (S 70,32,33) (S 20,20,20) (S 19,19,19) (D 0,1,1)
0 1 6 75 131 15 (D 0,1,1) (S 58,16,40) (S 94,40,30) (S 92,25,21) (S 21,21,21) (S 26,22,25) (S 42,25,20) (S 81,20,33) (S 72,32,15) (S 75,15,14) (S 61,13,6) (S 74,7,8) (S 50,10,11) (S 1,1,1) (D 0,1,1)
0 1 7 75 145 16 (D 0,1,1) (S 52,1,31) (S 36,31,23) (S 38,34,35) (S 73,35,1) (S 60,1,31) (S 45,31,34) (S 55,34,35) (S 89,1,26) (S 62,12,17) (S 43,17,18) (S 67,17,19) (S 59,19,41) (S 87,41,19) (S 41,21,22) (D 0,1,1)
0 1 8 75 183 19 (D 0,1,1) (S 93,4,5) (S 39,16,36) (S 51,36,38) (S 71,38,37) (S 68,37,38) (S 57,38,25) (S 65,25,38) (S 78,25,32) (S 90,32,25) (S 76,25,20) (S 82,20,21) (S 22,22,22) (S 46,22,37) (S 63,37,22) (S 79,21,41) (S 83,11,9) (S 40,31,34) (D 0,1,1)
0 1 9 27 94 6 (D 0,1,1) (S 66,12,39) (S 80,39,12) (S 69,17,19) (S 77,15,10) (D 0,1,1)
