29910
45
10604500
151983
0 1 1 120 350 9 (D 0,1,1) (S 2,2,2) (S 19,19,19) (S 42,42,42) (S 59,42,2) (S 58,2,19) (S 63,2,56) (S 102,69,25) (D 0,1,1)
0 1 2 120 199 8 (D 0,1,1) (S 64,2,55) (S 40,40,40) (S 54,40,52) (S 38,38,38) (S 53,38,52) (S 66,58,57) (D 0,1,1)
0 1 3 120 237 9 (D 0,1,1) (S 68,19,59) (S 28,28,28) (S 70,28,59) (S 72,59,62) (S 74,62,63) (S 78,64,65) (S 79,65,66) (D 0,1,1)
0 1 4 120 788 10 (D 0,1,1) (S 62,56,54) (S 60,54,53) (S 55,53,40) (S 67,53,58) (S 65,57,56) (S 57,19,32) (S 45,45,45) (S 175,108,109) (D 0,1,1)
0 1 5 120 518 7 (D 0,1,1) (S 32,32,32) (S 56,32,52) (S 31,31,31) (S 106,68,45) (S 116,80,81) (D 0,1,1)
0 1 6 120 419 7 (D 0,1,1) (S 239,32,64) (S 48,48,48) (S 80,48,65) (S 83,48,67) (S 25,25,25) (D 0,1,1)
0 1 7 120 598 5 (D 0,1,1) (S 69,59,60) (S 71,60,61) (S 104,76,73) (D 0,1,1)
0 1 8 120 472 6 (D 0,1,1) (S 84,68,66) (S 81,48,9) (S 9,9,9) (S 108,77,78) (D 0,1,1)
0 1 9 120 493 7 (D 0,1,1) (S 73,62,61) (S 76,61,11) (S 11,11,11) (S 82,11,9) (S 21,21,21) (D 0,1,1)
0 1 10 117 383 6 (D 0,1,1) (S 61,55,54) (S 86,45,69) (S 16,16,16) (S 100,16,75) (D 0,1,1)
0 1 11 120 538 8 (D 0,1,1) (S 107,45,77) (S 20,20,20) (S 109,20,77) (S 110,20,39) (S 111,39,79) (S 126,12,85) (D 0,1,1)
0 1 12 117 364 5 (D 0,1,1) (S 85,32,68) (S 87,69,49) (S 49,49,49) (D 0,1,1)
0 1 13 117 501 4 (D 0,1,1) (S 96,73,27) (S 27,27,27) (D 0,1,1)
0 1 14 120 687 6 (D 0,1,1) (S 75,63,11) (S 77,63,64) (S 117,81,82) (S 133,26,5) (D 0,1,1)
0 1 15 118 600 6 (D 0,1,1) (S 164,88,24) (S 24,24,24) (S 162,24,101) (S 161,101,102) (D 0,1,1)
0 1 16 120 873 6 (D 0,1,1) (S 51,38,31) (S 52,38,51) (S 165,17,103) (S 159,99,100) (D 0,1,1)
0 1 17 119 938 4 (D 0,1,1) (S 191,8,47) (S 47,47,47) (D 0,1,1)
0 1 18 119 446 7 (D 0,1,1) (S 141,16,91) (S 15,15,15) (S 26,26,26) (S 5,5,5) (S 132,5,88) (D 0,1,1)
0 1 19 120 598 9 (D 0,1,1) (S 119,43,83) (S 118,83,82) (S 125,82,85) (S 12,12,12) (S 127,12,86) (S 128,86,87) (S 180,18,23) (D 0,1,1)
0 1 20 120 468 8 (D 0,1,1) (S 122,21,84) (S 123,84,43) (S 43,43,43) (S 120,43,21) (S 121,21,25) (S 98,75,74) (D 0,1,1)
0 1 21 120 515 9 (D 0,1,1) (S 143,6,93) (S 142,93,90) (S 135,90,89) (S 134,89,26) (S 136,26,90) (S 137,90,15) (S 140,92,91) (D 0,1,1)
0 1 22 120 418 8 (D 0,1,1) (S 39,39,39) (S 3,3,3) (S 112,3,79) (S 113,3,50) (S 50,50,50) (S 237,50,80) (D 0,1,1)
0 1 23 119 880 6 (D 0,1,1) (S 218,34,130) (S 46,46,46) (S 34,34,34) (S 212,128,127) (D 0,1,1)
0 1 24 117 787 7 (D 0,1,1) (S 172,18,106) (S 173,106,107) (S 174,107,108) (S 177,108,110) (S 186,114,115) (D 0,1,1)
0 1 25 119 742 8 (D 0,1,1) (S 114,78,50) (S 1,1,1) (S 115,1,80) (S 129,81,87) (S 169,86,105) (S 192,116,117) (D 0,1,1)
0 1 26 119 832 8 (D 0,1,1) (S 208,7,121) (S 198,121,120) (S 196,120,119) (S 194,119,117) (S 193,117,118) (S 189,116,8) (D 0,1,1)
0 1 27 118 518 6 (D 0,1,1) (S 130,85,17) (S 17,17,17) (S 131,17,5) (S 138,15,91) (D 0,1,1)
0 1 28 119 504 9 (D 0,1,1) (S 44,44,44) (S 14,14,14) (S 41,41,41) (S 153,41,97) (S 152,97,96) (S 149,96,44) (S 105,76,75) (D 0,1,1)
0 1 29 117 533 10 (D 0,1,1) (S 144,92,6) (S 6,6,6) (S 145,6,94) (S 146,94,76) (S 99,75,71) (S 89,71,49) (S 88,49,70) (S 95,30,27) (D 0,1,1)
0 1 30 119 819 5 (D 0,1,1) (S 205,7,124) (S 13,13,13) (S 199,13,121) (D 0,1,1)
0 1 31 120 742 7 (D 0,1,1) (S 183,112,113) (S 184,113,103) (S 163,103,24) (S 209,103,7) (S 150,14,44) (D 0,1,1)
0 1 32 118 743 7 (D 0,1,1) (S 197,113,120) (S 195,119,116) (S 22,22,22) (S 187,22,115) (S 18,18,18) (D 0,1,1)
0 1 33 119 508 9 (D 0,1,1) (S 91,70,30) (S 30,30,30) (S 37,37,37) (S 92,37,30) (S 93,37,72) (S 94,72,27) (S 97,71,74) (D 0,1,1)
0 1 34 120 867 7 (D 0,1,1) (S 235,140,36) (S 36,36,36) (S 226,36,46) (S 219,46,34) (S 220,46,131) (D 0,1,1)
0 1 35 120 1042 8 (D 0,1,1) (S 178,111,110) (S 176,110,107) (S 23,23,23) (S 181,23,17) (S 182,23,112) (S 234,140,29) (D 0,1,1)
0 1 36 119 747 7 (D 0,1,1) (S 190,22,8) (S 8,8,8) (S 188,116,22) (S 185,114,112) (S 171,18,105) (D 0,1,1)
0 1 37 120 1016 8 (D 0,1,1) (S 238,50,1) (S 170,12,105) (S 179,18,111) (S 160,101,99) (S 158,99,98) (S 228,136,137) (D 0,1,1)
0 1 38 118 626 9 (D 0,1,1) (S 168,4,104) (S 166,104,102) (S 167,104,97) (S 155,97,4) (S 4,4,4) (S 156,4,41) (S 151,14,96) (D 0,1,1)
0 1 39 120 857 9 (D 0,1,1) (S 101,25,16) (S 90,71,70) (S 147,94,95) (S 148,95,44) (S 154,14,41) (S 33,33,33) (S 224,131,134) (D 0,1,1)
0 1 40 120 1084 7 (D 0,1,1) (S 222,132,133) (S 223,132,134) (S 221,131,132) (S 215,34,33) (S 227,36,136) (D 0,1,1)
0 1 41 116 827 9 (D 0,1,1) (S 216,33,126) (S 207,126,35) (S 35,35,35) (S 206,35,124) (S 202,124,122) (S 200,122,13) (S 103,73,74) (D 0,1,1)
0 1 42 119 864 7 (D 0,1,1) (S 217,33,129) (S 29,29,29) (S 232,29,138) (S 229,138,137) (S 230,137,10) (D 0,1,1)
0 1 43 120 780 10 (D 0,1,1) (S 124,78,84) (S 240,83,89) (S 139,15,92) (S 7,7,7) (S 210,7,127) (S 211,127,126) (S 213,128,100) (S 157,98,4) (D 0,1,1)
0 1 44 119 1117 7 (D 0,1,1) (S 225,46,135) (S 233,29,139) (S 236,140,129) (S 214,33,128) (S 203,124,13) (D 0,1,1)
0 1 45 60 1072 6 (D 0,1,1) (S 201,122,123) (S 204,124,125) (S 231,138,10) (S 10,10,10) (D 0,1,1)
