435
8
714000
15335
0 1 1 45 29 9 (D 0,1,1) (S 2,2,2) (S 23,2,20) (S 17,16,1) (S 1,1,1) (S 40,1,22) (S 26,22,1) (S 44,20,16) (D 0,1,1)
0 1 2 45 43 7 (D 0,1,1) (S 13,13,13) (S 30,13,18) (S 34,18,23) (S 32,23,13) (S 29,20,16) (D 0,1,1)
0 1 3 45 50 5 (D 0,1,1) (S 3,3,3) (S 4,4,4) (S 5,5,5) (D 0,1,1)
0 1 4 45 70 8 (D 0,1,1) (S 36,13,19) (S 22,19,15) (S 15,15,15) (S 14,14,14) (S 31,9,21) (S 35,10,11) (D 0,1,1)
0 1 5 45 45 7 (D 0,1,1) (S 43,23,13) (S 28,21,14) (S 16,14,15) (S 27,24,14) (S 9,9,9) (D 0,1,1)
0 1 6 45 53 8 (D 0,1,1) (S 19,17,3) (S 6,6,6) (S 7,7,7) (S 11,11,11) (S 41,11,10) (S 42,11,7) (D 0,1,1)
0 1 7 45 72 8 (D 0,1,1) (S 24,18,21) (S 39,21,9) (S 21,16,17) (S 33,17,18) (S 20,18,16) (S 37,16,3) (D 0,1,1)
0 1 8 43 73 10 (D 0,1,1) (S 8,8,8) (S 10,10,10) (S 25,10,6) (S 38,3,4) (S 18,4,7) (S 12,12,12) (S 45,12,11) (S 46,17,18) (D 0,1,1)
