16634
27
2208400
66292
0 1 1 129 482 7 (D 0,1,1) (S 2,2,2) (S 107,2,70) (S 6,6,6) (S 108,6,72) (S 90,26,65) (D 0,1,1)
0 1 2 129 458 7 (D 0,1,1) (S 105,70,6) (S 104,6,68) (S 102,68,67) (S 17,17,17) (S 91,27,23) (D 0,1,1)
0 1 3 129 365 5 (D 0,1,1) (S 99,67,18) (S 18,18,18) (S 29,29,29) (D 0,1,1)
0 1 4 129 370 6 (D 0,1,1) (S 16,16,16) (S 109,16,72) (S 128,6,7) (S 96,14,66) (D 0,1,1)
0 1 5 129 603 9 (D 0,1,1) (S 14,14,14) (S 97,14,62) (S 1,1,1) (S 9,9,9) (S 74,9,61) (S 75,61,57) (S 92,65,23) (D 0,1,1)
0 1 6 130 566 6 (D 0,1,1) (S 101,17,39) (S 10,10,10) (S 93,65,8) (S 125,27,46) (D 0,1,1)
0 1 7 130 650 6 (D 0,1,1) (S 112,73,34) (S 33,34,32) (S 31,32,31) (S 36,35,37) (D 0,1,1)
0 1 8 127 414 6 (D 0,1,1) (S 103,68,69) (S 127,68,7) (S 7,7,7) (S 110,67,73) (D 0,1,1)
0 1 9 130 626 6 (D 0,1,1) (S 80,29,25) (S 25,25,25) (S 81,25,11) (S 121,10,20) (D 0,1,1)
0 1 10 130 730 5 (D 0,1,1) (S 69,57,55) (S 67,55,56) (S 64,54,53) (D 0,1,1)
0 1 11 129 544 5 (D 0,1,1) (S 119,7,14) (S 71,59,56) (S 78,1,62) (D 0,1,1)
0 1 12 128 386 7 (D 0,1,1) (S 106,70,71) (S 11,11,11) (S 30,30,30) (S 82,30,11) (S 126,25,17) (D 0,1,1)
0 1 13 129 505 4 (D 0,1,1) (S 86,39,19) (S 19,19,19) (D 0,1,1)
0 1 14 129 756 7 (D 0,1,1) (S 118,43,75) (S 114,75,74) (S 115,74,76) (S 116,76,75) (S 51,43,45) (D 0,1,1)
0 1 15 127 604 6 (D 0,1,1) (S 34,34,35) (S 3,3,3) (S 37,3,37) (S 35,35,36) (D 0,1,1)
0 1 16 128 538 8 (D 0,1,1) (S 100,67,17) (S 111,17,73) (S 8,8,8) (S 26,26,26) (S 23,23,23) (S 55,4,22) (D 0,1,1)
0 1 17 127 665 6 (D 0,1,1) (S 66,55,54) (S 65,54,50) (S 59,50,49) (S 58,49,48) (D 0,1,1)
0 1 18 124 496 8 (D 0,1,1) (S 84,30,63) (S 27,27,27) (S 22,22,22) (S 4,4,4) (S 53,4,46) (S 89,27,64) (D 0,1,1)
0 1 19 126 606 7 (D 0,1,1) (S 21,21,21) (S 13,13,13) (S 12,12,12) (S 46,12,13) (S 44,13,40) (D 0,1,1)
0 1 20 124 642 6 (D 0,1,1) (S 52,46,44) (S 49,44,43) (S 48,43,41) (S 45,41,40) (D 0,1,1)
0 1 21 130 763 7 (D 0,1,1) (S 68,55,5) (S 5,5,5) (S 70,56,58) (S 73,59,61) (S 72,59,60) (D 0,1,1)
0 1 22 130 663 8 (D 0,1,1) (S 41,39,20) (S 20,20,20) (S 42,20,21) (S 43,21,13) (S 47,41,42) (S 122,10,45) (D 0,1,1)
0 1 23 130 934 6 (D 0,1,1) (S 113,74,28) (S 28,28,28) (S 117,76,77) (S 87,64,63) (D 0,1,1)
0 1 24 128 658 8 (D 0,1,1) (S 124,10,12) (S 123,12,41) (S 50,45,44) (S 95,44,26) (S 88,26,64) (S 85,63,19) (D 0,1,1)
0 1 25 130 758 8 (D 0,1,1) (S 24,24,24) (S 38,24,3) (S 39,24,38) (S 40,38,39) (S 94,23,22) (S 54,4,47) (D 0,1,1)
0 1 26 130 722 9 (D 0,1,1) (S 56,22,48) (S 57,48,47) (S 120,47,50) (S 15,15,15) (S 61,15,49) (S 60,49,51) (S 62,15,52) (D 0,1,1)
0 1 27 103 1130 9 (D 0,1,1) (S 63,48,52) (S 83,30,25) (S 98,62,18) (S 79,62,29) (S 76,1,57) (S 77,9,1) (S 32,32,33) (D 0,1,1)
