6186
7
2118900
12116
0 1 1 304 606 11 (D 0,1,1) (S 2,2,2) (S 8,8,8) (S 6,6,6) (S 36,32,33) (S 68,33,35) (S 37,35,34) (S 38,34,36) (S 39,36,37) (S 46,44,43) (D 0,1,1)
0 1 2 304 632 11 (D 0,1,1) (S 41,36,39) (S 15,15,15) (S 42,15,39) (S 43,41,40) (S 44,40,42) (S 71,40,54) (S 1,1,1) (S 66,1,54) (S 47,44,45) (D 0,1,1)
0 1 3 304 439 16 (D 0,1,1) (S 34,20,30) (S 32,30,5) (S 5,5,5) (S 31,5,29) (S 14,14,14) (S 17,17,17) (S 27,17,4) (S 4,4,4) (S 13,13,13) (S 69,13,31) (S 33,31,30) (S 20,20,20) (S 70,20,10) (S 51,19,47) (D 0,1,1)
0 1 4 305 935 11 (D 0,1,1) (S 57,54,26) (S 26,26,4) (S 67,1,23) (S 23,23,21) (S 12,12,12) (S 22,12,21) (S 21,21,22) (S 9,9,9) (S 50,46,10) (D 0,1,1)
0 1 5 303 796 11 (D 0,1,1) (S 55,53,51) (S 54,51,52) (S 16,16,16) (S 18,18,18) (S 58,18,53) (S 56,53,54) (S 65,1,53) (S 60,18,56) (S 45,40,43) (D 0,1,1)
0 1 6 302 1309 11 (D 0,1,1) (S 40,36,38) (S 3,3,3) (S 64,59,60) (S 61,56,57) (S 62,57,58) (S 59,18,55) (S 24,23,9) (S 25,25,24) (S 48,44,46) (D 0,1,1)
0 1 7 212 1469 14 (D 0,1,1) (S 19,19,19) (S 10,10,10) (S 35,20,32) (S 49,47,46) (S 52,19,48) (S 11,11,11) (S 7,7,7) (S 30,29,28) (S 28,14,17) (S 29,14,27) (S 63,56,59) (S 53,49,50) (D 0,1,1)
