3103
7
507900
11081
0 1 1 1776 146 8 (D 0,1,1) (S 2,2,2) (S 3,3,3) (S 5,5,5) (S 27,5,18) (S 25,18,4) (S 15,4,14) (D 0,1,1)
0 1 2 1802 294 10 (D 0,1,1) (S 14,2,14) (S 16,14,2) (S 17,2,3) (S 18,3,2) (S 1,1,1) (S 21,1,15) (S 4,4,4) (S 19,5,3) (D 0,1,1)
0 1 3 1789 405 7 (D 0,1,1) (S 23,4,15) (S 22,15,16) (S 7,7,7) (S 10,10,10) (S 45,10,20) (D 0,1,1)
0 1 4 1796 411 8 (D 0,1,1) (S 9,9,9) (S 41,9,19) (S 11,11,11) (S 48,11,21) (S 8,8,8) (S 37,8,7) (D 0,1,1)
0 1 5 1781 457 9 (D 0,1,1) (S 12,1,12) (S 6,6,6) (S 30,6,16) (S 36,16,7) (S 44,7,10) (S 38,10,7) (S 32,17,19) (D 0,1,1)
0 1 6 1796 513 9 (D 0,1,1) (S 35,19,17) (S 33,17,8) (S 39,8,7) (S 46,10,21) (S 47,21,10) (S 43,10,20) (S 13,13,1) (D 0,1,1)
0 1 7 1416 877 11 (D 0,1,1) (S 34,5,19) (S 24,17,4) (S 29,15,16) (S 28,16,6) (S 42,6,20) (S 20,13,1) (S 40,8,9) (S 31,17,16) (S 26,5,3) (D 0,1,1)
