176
7
419900
11720
0 1 1 20 17 8 (D 0,1,1) (S 2,2,2) (S 14,2,3) (S 3,3,3) (S 1,1,1) (S 39,3,4) (S 5,5,5) (D 0,1,1)
0 1 2 20 18 7 (D 0,1,1) (S 4,4,4) (S 23,4,19) (S 22,19,21) (S 36,18,20) (S 21,20,16) (D 0,1,1)
0 1 3 20 21 6 (D 0,1,1) (S 28,4,5) (S 10,10,10) (S 12,12,12) (S 29,12,11) (D 0,1,1)
0 1 4 20 29 8 (D 0,1,1) (S 7,7,7) (S 6,6,6) (S 40,6,7) (S 18,6,5) (S 9,9,9) (S 11,11,11) (D 0,1,1)
0 1 5 20 28 8 (D 0,1,1) (S 26,14,17) (S 19,17,18) (S 33,18,21) (S 30,21,16) (S 35,15,13) (S 25,13,15) (D 0,1,1)
0 1 6 20 24 8 (D 0,1,1) (S 20,19,9) (S 16,9,15) (S 13,13,13) (S 17,15,16) (S 32,21,14) (S 27,3,1) (D 0,1,1)
0 1 7 17 39 9 (D 0,1,1) (S 24,11,22) (S 34,22,24) (S 31,24,22) (S 8,8,8) (S 15,8,14) (S 37,21,18) (S 38,13,10) (D 0,1,1)
