554
8
458000
11851
0 1 1 40 36 7 (D 0,1,1) (S 2,2,2) (S 3,3,3) (S 1,1,1) (S 4,4,4) (S 30,4,22) (D 0,1,1)
0 1 2 39 48 7 (D 0,1,1) (S 24,2,3) (S 8,8,8) (S 21,8,21) (S 14,14,14) (S 15,15,15) (D 0,1,1)
0 1 3 40 51 6 (D 0,1,1) (S 28,2,8) (S 17,17,17) (S 25,14,15) (S 11,11,11) (D 0,1,1)
0 1 4 40 78 8 (D 0,1,1) (S 31,2,19) (S 19,19,1) (S 37,20,14) (S 34,14,21) (S 44,21,22) (S 27,11,15) (D 0,1,1)
0 1 5 40 78 8 (D 0,1,1) (S 43,2,19) (S 38,8,20) (S 20,20,16) (S 16,16,16) (S 18,18,18) (S 40,18,15) (D 0,1,1)
0 1 6 40 78 7 (D 0,1,1) (S 9,9,9) (S 26,9,5) (S 5,5,5) (S 6,6,6) (S 33,10,24) (D 0,1,1)
0 1 7 40 84 8 (D 0,1,1) (S 12,12,12) (S 36,12,9) (S 22,22,11) (S 32,11,12) (S 23,23,13) (S 10,10,10) (D 0,1,1)
0 1 8 31 101 9 (D 0,1,1) (S 29,21,22) (S 39,22,4) (S 7,7,7) (S 13,13,13) (S 35,24,23) (S 42,23,24) (S 41,11,15) (D 0,1,1)
