554
9
1643500
51101
0 1 1 65 41 10 (D 0,1,1) (S 2,2,2) (S 10,10,10) (S 13,13,13) (S 33,13,31) (S 29,13,25) (S 25,25,26) (S 38,26,35) (S 67,35,40) (D 0,1,1)
0 1 2 65 44 11 (D 0,1,1) (S 22,22,22) (S 18,18,18) (S 62,18,27) (S 27,27,23) (S 23,23,23) (S 3,3,3) (S 70,3,23) (S 34,33,32) (S 73,29,37) (D 0,1,1)
0 1 3 64 35 9 (D 0,1,1) (S 66,36,1) (S 1,1,1) (S 31,1,29) (S 41,29,21) (S 21,21,21) (S 36,21,34) (S 8,8,8) (D 0,1,1)
0 1 4 65 53 8 (D 0,1,1) (S 16,16,16) (S 19,19,19) (S 40,19,20) (S 20,20,20) (S 17,17,17) (S 55,1,4) (D 0,1,1)
0 1 5 64 55 8 (D 0,1,1) (S 6,6,6) (S 7,7,7) (S 68,39,30) (S 32,30,28) (S 30,28,6) (S 44,6,24) (D 0,1,1)
0 1 6 65 49 13 (D 0,1,1) (S 59,2,36) (S 5,5,5) (S 4,4,4) (S 9,9,9) (S 28,9,12) (S 12,12,12) (S 14,14,14) (S 26,14,15) (S 15,15,15) (S 52,14,40) (S 81,40,25) (D 0,1,1)
0 1 7 65 64 13 (D 0,1,1) (S 42,36,5) (S 39,4,34) (S 60,34,8) (S 35,8,11) (S 11,11,11) (S 65,11,7) (S 50,7,39) (S 80,39,6) (S 24,24,24) (S 78,24,34) (S 76,19,16) (D 0,1,1)
0 1 8 65 114 14 (D 0,1,1) (S 53,37,18) (S 45,18,33) (S 47,33,37) (S 61,37,29) (S 37,29,32) (S 71,33,18) (S 64,22,23) (S 54,5,4) (S 43,4,9) (S 75,9,8) (S 63,11,30) (S 57,21,38) (D 0,1,1)
0 1 9 41 99 14 (D 0,1,1) (S 56,36,37) (S 58,37,22) (S 79,22,37) (S 77,37,36) (S 46,10,13) (S 72,13,10) (S 51,5,4) (S 49,21,38) (S 69,38,17) (S 48,17,38) (S 74,40,35) (S 82,40,25) (D 0,1,1)
