4662
12
438100
12063
0 1 1 1519 282 7 (D 0,1,1) (S 2,2,2) (S 33,16,22) (S 41,22,28) (S 35,6,21) (S 6,6,6) (D 0,1,1)
0 1 2 1529 381 6 (D 0,1,1) (S 17,2,9) (S 8,9,7) (S 1,1,1) (S 15,13,15) (D 0,1,1)
0 1 3 1510 266 6 (D 0,1,1) (S 23,2,16) (S 32,16,21) (S 34,21,23) (S 25,19,17) (D 0,1,1)
0 1 4 1535 384 6 (D 0,1,1) (S 36,23,24) (S 49,24,20) (S 27,20,18) (S 22,4,15) (D 0,1,1)
0 1 5 1533 380 5 (D 0,1,1) (S 7,7,8) (S 9,8,1) (S 13,11,13) (D 0,1,1)
0 1 6 1504 374 6 (D 0,1,1) (S 31,19,21) (S 42,6,29) (S 43,29,25) (S 5,5,5) (D 0,1,1)
0 1 7 1500 484 8 (D 0,1,1) (S 30,19,20) (S 26,18,3) (S 3,3,3) (S 4,4,4) (S 19,14,12) (S 50,29,28) (D 0,1,1)
0 1 8 1522 371 6 (D 0,1,1) (S 47,2,17) (S 24,17,18) (S 28,3,4) (S 39,5,27) (D 0,1,1)
0 1 9 1542 493 6 (D 0,1,1) (S 14,14,11) (S 11,11,1) (S 20,14,15) (S 12,12,1) (D 0,1,1)
0 1 10 1511 453 7 (D 0,1,1) (S 16,9,10) (S 10,10,8) (S 18,10,12) (S 46,12,18) (S 29,4,5) (D 0,1,1)
0 1 11 1434 476 7 (D 0,1,1) (S 44,25,26) (S 45,26,27) (S 37,25,23) (S 38,24,26) (S 40,6,22) (D 0,1,1)
0 1 12 454 318 4 (D 0,1,1) (S 48,17,10) (S 21,14,3) (D 0,1,1)
