724
10
1051700
45116
0 1 1 70 24 11 (D 0,1,1) (S 2,2,2) (S 14,14,14) (S 8,8,8) (S 44,8,3) (S 3,3,3) (S 4,4,4) (S 93,4,3) (S 41,3,1) (S 1,1,1) (D 0,1,1)
0 1 2 70 45 9 (D 0,1,1) (S 7,7,7) (S 11,11,11) (S 17,17,17) (S 10,10,10) (S 20,20,20) (S 16,16,16) (S 21,21,21) (D 0,1,1)
0 1 3 70 52 14 (D 0,1,1) (S 51,46,5) (S 5,5,5) (S 82,5,9) (S 9,9,9) (S 40,9,40) (S 31,31,31) (S 24,24,24) (S 23,23,23) (S 12,12,12) (S 18,18,18) (S 61,18,22) (S 115,18,19) (D 0,1,1)
0 1 4 70 60 14 (D 0,1,1) (S 105,2,46) (S 50,45,15) (S 15,15,15) (S 55,15,14) (S 59,14,19) (S 19,19,19) (S 22,22,22) (S 29,29,29) (S 107,29,21) (S 27,27,27) (S 75,27,50) (S 116,43,30) (D 0,1,1)
0 1 5 70 77 16 (D 0,1,1) (S 113,2,1) (S 76,3,48) (S 78,48,3) (S 96,8,45) (S 68,45,9) (S 86,14,13) (S 13,13,13) (S 89,13,48) (S 28,28,28) (S 97,28,27) (S 103,27,50) (S 58,20,44) (S 46,44,17) (S 80,20,50) (D 0,1,1)
0 1 6 70 72 14 (D 0,1,1) (S 47,30,36) (S 36,36,36) (S 35,35,35) (S 66,35,42) (S 56,42,47) (S 65,47,38) (S 38,38,38) (S 39,39,39) (S 43,39,42) (S 64,42,38) (S 111,38,42) (S 99,23,18) (D 0,1,1)
0 1 7 70 88 15 (D 0,1,1) (S 6,6,6) (S 69,6,10) (S 112,10,17) (S 71,17,11) (S 60,11,7) (S 45,22,43) (S 30,30,30) (S 104,30,43) (S 53,43,29) (S 54,43,35) (S 34,34,34) (S 33,33,33) (S 32,32,32) (D 0,1,1)
0 1 8 70 87 17 (D 0,1,1) (S 26,26,26) (S 42,26,41) (S 88,26,25) (S 25,25,25) (S 37,37,37) (S 79,37,31) (S 100,31,24) (S 48,23,22) (S 57,12,19) (S 110,19,23) (S 62,23,49) (S 77,49,23) (S 49,24,30) (S 106,30,49) (S 72,31,25) (D 0,1,1)
0 1 9 70 134 17 (D 0,1,1) (S 95,40,26) (S 101,31,37) (S 67,24,14) (S 70,14,8) (S 84,8,14) (S 74,12,13) (S 90,13,12) (S 102,12,18) (S 73,11,17) (S 114,16,50) (S 83,50,20) (S 81,34,35) (S 109,35,34) (S 92,34,47) (S 52,39,36) (D 0,1,1)
0 1 10 24 85 9 (D 0,1,1) (S 87,4,45) (S 94,45,4) (S 108,34,47) (S 85,47,38) (S 91,31,25) (S 63,24,19) (S 98,23,18) (D 0,1,1)
