173
7
652100
12787
0 1 1 20 9 5 (D 0,1,1) (S 2,2,2) (S 4,4,4) (S 7,7,7) (D 0,1,1)
0 1 2 20 17 7 (D 0,1,1) (S 13,2,3) (S 3,3,3) (S 34,3,4) (S 8,8,8) (S 16,9,12) (D 0,1,1)
0 1 3 20 25 8 (D 0,1,1) (S 22,18,1) (S 1,1,1) (S 31,11,19) (S 23,19,20) (S 28,20,23) (S 39,23,20) (D 0,1,1)
0 1 4 20 27 8 (D 0,1,1) (S 20,7,8) (S 33,8,24) (S 29,24,15) (S 19,15,16) (S 5,5,5) (S 32,5,16) (D 0,1,1)
0 1 5 20 30 7 (D 0,1,1) (S 17,5,14) (S 21,14,17) (S 40,17,10) (S 10,10,10) (S 14,10,13) (D 0,1,1)
0 1 6 20 24 9 (D 0,1,1) (S 26,20,22) (S 12,12,12) (S 35,12,23) (S 15,6,11) (S 11,11,11) (S 6,6,6) (S 18,6,7) (D 0,1,1)
0 1 7 17 41 11 (D 0,1,1) (S 24,21,10) (S 37,21,14) (S 27,13,9) (S 9,9,9) (S 36,8,24) (S 25,24,21) (S 38,21,24) (S 30,24,15) (S 41,24,13) (D 0,1,1)
