493
10
695800
10758
0 1 1 27 18 5 (D 0,1,1) (S 2,2,2) (S 4,4,4) (S 16,4,16) (D 0,1,1)
0 1 2 27 24 6 (D 0,1,1) (S 5,5,5) (S 29,5,21) (S 34,21,26) (S 20,6,5) (D 0,1,1)
0 1 3 27 24 4 (D 0,1,1) (S 3,3,3) (S 21,16,23) (D 0,1,1)
0 1 4 27 54 7 (D 0,1,1) (S 24,2,23) (S 6,6,6) (S 1,1,1) (S 36,1,18) (S 13,13,13) (D 0,1,1)
0 1 5 27 51 5 (D 0,1,1) (S 9,9,9) (S 7,7,7) (S 33,8,22) (D 0,1,1)
0 1 6 27 53 6 (D 0,1,1) (S 19,18,20) (S 23,18,24) (S 26,22,17) (S 11,11,11) (D 0,1,1)
0 1 7 27 46 5 (D 0,1,1) (S 8,8,8) (S 10,10,10) (S 30,11,12) (D 0,1,1)
0 1 8 27 59 6 (D 0,1,1) (S 12,12,12) (S 15,15,15) (S 22,19,13) (S 14,14,14) (D 0,1,1)
0 1 9 27 88 8 (D 0,1,1) (S 35,10,17) (S 25,17,12) (S 28,12,15) (S 18,19,18) (S 37,27,7) (S 17,17,14) (D 0,1,1)
0 1 10 6 76 5 (D 0,1,1) (S 32,8,25) (S 31,25,24) (S 27,17,11) (D 0,1,1)
