8590
25
2624400
55790
0 1 1 1636 158 6 (D 0,1,1) (S 2,2,2) (S 32,2,26) (S 36,18,19) (S 20,18,8) (D 0,1,1)
0 1 2 1611 122 5 (D 0,1,1) (S 49,3,33) (S 65,33,34) (S 50,34,27) (D 0,1,1)
0 1 3 1615 222 7 (D 0,1,1) (S 3,3,3) (S 104,27,35) (S 105,35,18) (S 34,18,26) (S 51,35,28) (D 0,1,1)
0 1 4 1644 257 7 (D 0,1,1) (S 19,8,10) (S 10,10,7) (S 9,7,9) (S 1,1,1) (S 102,20,19) (D 0,1,1)
0 1 5 1603 300 5 (D 0,1,1) (S 8,8,6) (S 7,6,7) (S 14,11,13) (D 0,1,1)
0 1 6 1645 235 6 (D 0,1,1) (S 37,19,28) (S 54,28,37) (S 70,37,45) (S 106,49,33) (D 0,1,1)
0 1 7 1640 294 5 (D 0,1,1) (S 84,44,52) (S 86,52,45) (S 87,45,53) (D 0,1,1)
0 1 8 1642 343 6 (D 0,1,1) (S 82,43,51) (S 93,51,50) (S 80,50,49) (S 95,52,53) (D 0,1,1)
0 1 9 1615 315 6 (D 0,1,1) (S 23,20,12) (S 12,12,9) (S 11,9,11) (S 16,13,14) (D 0,1,1)
0 1 10 1604 263 5 (D 0,1,1) (S 38,20,21) (S 24,21,1) (S 15,1,11) (D 0,1,1)
0 1 11 1625 277 6 (D 0,1,1) (S 66,34,36) (S 68,36,37) (S 71,38,39) (S 40,4,21) (D 0,1,1)
0 1 12 1630 301 6 (D 0,1,1) (S 79,49,43) (S 81,43,44) (S 83,44,45) (S 96,53,54) (D 0,1,1)
0 1 13 1626 324 6 (D 0,1,1) (S 85,45,46) (S 73,46,38) (S 72,38,45) (S 107,37,38) (D 0,1,1)
0 1 14 1610 379 8 (D 0,1,1) (S 39,20,29) (S 55,29,4) (S 4,4,4) (S 57,4,30) (S 41,22,24) (S 99,23,15) (D 0,1,1)
0 1 15 1601 393 5 (D 0,1,1) (S 43,22,31) (S 62,31,41) (S 64,42,32) (D 0,1,1)
0 1 16 1642 343 7 (D 0,1,1) (S 53,28,29) (S 56,29,38) (S 74,39,40) (S 76,40,47) (S 33,3,2) (D 0,1,1)
0 1 17 1625 378 7 (D 0,1,1) (S 67,34,43) (S 69,44,36) (S 58,39,4) (S 59,30,40) (S 52,36,35) (D 0,1,1)
0 1 18 1630 319 7 (D 0,1,1) (S 21,19,10) (S 100,10,12) (S 13,9,1) (S 25,1,22) (S 42,22,30) (D 0,1,1)
0 1 19 1610 396 7 (D 0,1,1) (S 6,2,5) (S 5,5,6) (S 26,14,23) (S 28,23,17) (S 47,25,32) (D 0,1,1)
0 1 20 1647 516 7 (D 0,1,1) (S 48,3,27) (S 45,31,24) (S 29,24,23) (S 101,23,13) (S 91,47,55) (D 0,1,1)
0 1 21 1636 398 6 (D 0,1,1) (S 61,40,31) (S 63,31,42) (S 77,42,41) (S 35,27,26) (D 0,1,1)
0 1 22 1619 494 6 (D 0,1,1) (S 27,22,14) (S 31,17,25) (S 46,25,31) (S 94,52,51) (D 0,1,1)
0 1 23 1571 413 6 (D 0,1,1) (S 60,31,32) (S 78,42,48) (S 90,48,47) (S 88,47,46) (D 0,1,1)
0 1 24 1607 525 7 (D 0,1,1) (S 18,16,17) (S 17,16,15) (S 30,23,25) (S 44,25,24) (S 75,41,40) (D 0,1,1)
0 1 25 1268 625 8 (D 0,1,1) (S 22,20,10) (S 103,21,22) (S 97,55,54) (S 89,54,46) (S 92,48,56) (S 98,56,55) (D 0,1,1)
