459
10
1030000
20132
0 1 1 50 14 9 (D 0,1,1) (S 2,2,2) (S 1,1,1) (S 40,1,2) (S 54,2,1) (S 27,2,24) (S 37,1,30) (S 43,30,1) (D 0,1,1)
0 1 2 50 49 6 (D 0,1,1) (S 21,21,21) (S 6,6,6) (S 5,5,5) (S 50,24,3) (D 0,1,1)
0 1 3 50 40 6 (D 0,1,1) (S 10,10,10) (S 14,14,14) (S 41,14,26) (S 9,9,9) (D 0,1,1)
0 1 4 49 40 7 (D 0,1,1) (S 3,3,3) (S 24,10,24) (S 29,24,23) (S 47,23,6) (S 51,5,8) (D 0,1,1)
0 1 5 49 32 9 (D 0,1,1) (S 19,19,19) (S 53,19,20) (S 20,20,20) (S 32,20,27) (S 18,18,18) (S 33,27,28) (S 45,22,4) (D 0,1,1)
0 1 6 50 48 8 (D 0,1,1) (S 17,17,17) (S 26,17,25) (S 46,25,19) (S 31,22,5) (S 8,8,8) (S 44,7,31) (D 0,1,1)
0 1 7 50 71 7 (D 0,1,1) (S 23,23,9) (S 13,13,13) (S 30,16,26) (S 15,15,15) (S 52,7,31) (D 0,1,1)
0 1 8 50 48 11 (D 0,1,1) (S 4,4,4) (S 22,22,22) (S 28,22,20) (S 12,12,12) (S 58,12,11) (S 11,11,11) (S 36,11,7) (S 7,7,7) (S 42,31,29) (D 0,1,1)
0 1 9 49 87 11 (D 0,1,1) (S 25,7,8) (S 55,8,9) (S 49,9,13) (S 16,16,16) (S 35,14,13) (S 48,13,14) (S 34,11,29) (S 39,29,31) (S 56,4,5) (D 0,1,1)
0 1 10 4 30 4 (D 0,1,1) (S 57,22,4) (S 38,24,3) (D 0,1,1)
