427
9
403200
14704
0 1 1 44 25 8 (D 0,1,1) (S 2,2,2) (S 3,3,3) (S 18,3,1) (S 1,1,1) (S 40,1,2) (S 29,17,20) (D 0,1,1)
0 1 2 45 36 4 (D 0,1,1) (S 4,4,4) (S 11,11,11) (D 0,1,1)
0 1 3 45 29 5 (D 0,1,1) (S 19,2,18) (S 13,13,13) (S 14,14,14) (D 0,1,1)
0 1 4 45 42 6 (D 0,1,1) (S 5,5,5) (S 9,9,9) (S 30,5,4) (S 8,8,8) (D 0,1,1)
0 1 5 44 50 6 (D 0,1,1) (S 34,17,13) (S 31,14,15) (S 15,15,15) (S 21,15,16) (D 0,1,1)
0 1 6 44 48 8 (D 0,1,1) (S 20,17,14) (S 27,14,24) (S 37,24,19) (S 10,10,10) (S 26,10,22) (S 7,7,7) (D 0,1,1)
0 1 7 45 61 10 (D 0,1,1) (S 23,18,6) (S 6,6,6) (S 24,18,20) (S 35,20,13) (S 41,13,20) (S 25,21,16) (S 16,16,16) (S 17,17,3) (D 0,1,1)
0 1 8 44 96 12 (D 0,1,1) (S 42,2,3) (S 28,17,7) (S 38,15,23) (S 33,23,15) (S 44,15,24) (S 22,8,19) (S 36,19,11) (S 39,11,19) (S 32,11,8) (S 43,8,11) (D 0,1,1)
0 1 9 2 40 3 (D 0,1,1) (S 12,12,12) (D 0,1,1)
