157
8
517500
9412
0 1 1 27 4 5 (D 0,1,1) (S 2,2,2) (S 6,6,6) (S 11,6,9) (D 0,1,1)
0 1 2 27 10 5 (D 0,1,1) (S 1,1,1) (S 8,8,8) (S 25,4,7) (D 0,1,1)
0 1 3 27 7 5 (D 0,1,1) (S 9,9,9) (S 4,4,4) (S 7,7,7) (D 0,1,1)
0 1 4 27 6 4 (D 0,1,1) (S 3,3,3) (S 17,3,1) (D 0,1,1)
0 1 5 27 19 8 (D 0,1,1) (S 10,10,10) (S 27,11,5) (S 5,5,5) (S 21,11,2) (S 30,11,10) (S 18,6,5) (D 0,1,1)
0 1 6 27 30 6 (D 0,1,1) (S 22,2,10) (S 13,10,4) (S 28,4,9) (S 20,2,1) (D 0,1,1)
0 1 7 27 31 6 (D 0,1,1) (S 23,3,8) (S 29,8,9) (S 26,2,8) (S 14,3,4) (D 0,1,1)
0 1 8 16 50 8 (D 0,1,1) (S 31,5,7) (S 12,7,3) (S 16,3,9) (S 24,9,5) (S 15,1,10) (S 19,2,3) (D 0,1,1)
