168
7
419300
11432
0 1 1 20 15 6 (D 0,1,1) (S 2,2,2) (S 3,3,3) (S 4,4,4) (S 33,20,9) (D 0,1,1)
0 1 2 20 19 8 (D 0,1,1) (S 19,2,3) (S 26,3,1) (S 1,1,1) (S 22,1,21) (S 7,7,7) (S 18,7,4) (D 0,1,1)
0 1 3 20 21 6 (D 0,1,1) (S 15,15,15) (S 14,14,14) (S 11,11,11) (S 9,9,9) (D 0,1,1)
0 1 4 20 32 6 (D 0,1,1) (S 10,10,10) (S 8,8,8) (S 12,12,12) (S 28,10,18) (D 0,1,1)
0 1 5 20 21 7 (D 0,1,1) (S 36,17,16) (S 16,16,15) (S 27,15,23) (S 24,23,7) (S 6,6,6) (D 0,1,1)
0 1 6 20 29 7 (D 0,1,1) (S 21,20,5) (S 5,5,5) (S 31,5,22) (S 23,22,18) (S 32,19,13) (D 0,1,1)
0 1 7 17 31 10 (D 0,1,1) (S 20,18,19) (S 13,13,13) (S 30,9,8) (S 34,8,9) (S 25,9,20) (S 35,9,12) (S 29,23,17) (S 17,17,6) (D 0,1,1)
