19271
28
7437600
111909
0 1 1 1750 267 8 (D 0,1,1) (S 2,2,2) (S 73,72,73) (S 7,7,7) (S 81,7,71) (S 93,78,6) (S 83,73,72) (D 0,1,1)
0 1 2 1757 735 9 (D 0,1,1) (S 74,74,75) (S 3,3,3) (S 89,82,81) (S 87,81,82) (S 10,10,10) (S 88,82,3) (S 185,37,43) (D 0,1,1)
0 1 3 1753 907 10 (D 0,1,1) (S 8,8,8) (S 9,9,9) (S 97,9,86) (S 14,14,14) (S 107,14,88) (S 85,9,80) (S 76,3,5) (S 201,51,119) (D 0,1,1)
0 1 4 1753 652 10 (D 0,1,1) (S 82,79,71) (S 80,71,78) (S 6,6,6) (S 94,6,7) (S 95,7,85) (S 96,85,8) (S 98,9,87) (S 194,41,46) (D 0,1,1)
0 1 5 1756 473 10 (D 0,1,1) (S 113,88,93) (S 115,93,17) (S 17,17,17) (S 116,17,23) (S 23,23,23) (S 64,23,65) (S 28,28,28) (S 157,31,32) (D 0,1,1)
0 1 6 1750 277 8 (D 0,1,1) (S 106,85,14) (S 117,14,18) (S 18,18,18) (S 19,19,19) (S 20,20,20) (S 99,10,87) (D 0,1,1)
0 1 7 1744 567 11 (D 0,1,1) (S 72,71,1) (S 1,1,1) (S 71,1,70) (S 11,11,11) (S 102,11,83) (S 91,83,5) (S 5,5,5) (S 75,76,3) (S 101,84,11) (D 0,1,1)
0 1 8 1736 426 11 (D 0,1,1) (S 84,74,80) (S 86,75,81) (S 108,10,15) (S 15,15,15) (S 122,15,20) (S 120,20,19) (S 121,19,24) (S 153,24,29) (S 164,29,108) (D 0,1,1)
0 1 9 1747 505 7 (D 0,1,1) (S 100,5,11) (S 103,11,64) (S 63,64,63) (S 77,77,62) (S 4,4,4) (D 0,1,1)
0 1 10 1749 667 9 (D 0,1,1) (S 90,76,5) (S 78,62,4) (S 79,4,62) (S 12,12,12) (S 16,16,16) (S 131,21,97) (S 158,25,33) (D 0,1,1)
0 1 11 1750 401 10 (D 0,1,1) (S 118,86,18) (S 119,18,19) (S 24,24,24) (S 141,24,29) (S 29,29,29) (S 154,29,28) (S 140,28,24) (S 152,28,105) (D 0,1,1)
0 1 12 1756 544 9 (D 0,1,1) (S 112,91,92) (S 114,92,93) (S 22,22,22) (S 132,22,91) (S 151,65,100) (S 150,100,27) (S 149,27,98) (D 0,1,1)
0 1 13 1751 559 8 (D 0,1,1) (S 25,25,25) (S 145,25,26) (S 26,26,26) (S 129,26,95) (S 130,95,21) (S 21,21,21) (D 0,1,1)
0 1 14 1736 735 8 (D 0,1,1) (S 109,86,15) (S 92,84,63) (S 111,89,90) (S 127,90,25) (S 65,34,66) (S 171,66,37) (D 0,1,1)
0 1 15 1756 592 8 (D 0,1,1) (S 125,11,94) (S 32,32,32) (S 31,31,31) (S 155,31,30) (S 30,30,30) (S 48,48,48) (D 0,1,1)
0 1 16 1751 616 6 (D 0,1,1) (S 69,49,60) (S 60,60,60) (S 59,59,59) (S 210,59,58) (D 0,1,1)
0 1 17 1750 635 8 (D 0,1,1) (S 54,54,54) (S 44,44,44) (S 174,44,39) (S 39,39,39) (S 40,40,40) (S 38,38,38) (D 0,1,1)
0 1 18 1741 631 9 (D 0,1,1) (S 35,35,35) (S 156,35,31) (S 165,30,109) (S 166,109,110) (S 177,110,42) (S 196,42,47) (S 207,47,57) (D 0,1,1)
0 1 19 1735 569 7 (D 0,1,1) (S 47,47,47) (S 176,47,42) (S 42,42,42) (S 41,41,41) (S 46,46,46) (D 0,1,1)
0 1 20 1751 731 8 (D 0,1,1) (S 58,58,58) (S 208,58,48) (S 179,110,67) (S 66,67,35) (S 36,36,36) (S 169,36,112) (D 0,1,1)
0 1 21 1741 704 9 (D 0,1,1) (S 57,57,57) (S 192,46,69) (S 191,69,115) (S 175,115,40) (S 68,69,45) (S 45,45,45) (S 205,45,121) (D 0,1,1)
0 1 22 1744 700 9 (D 0,1,1) (S 13,13,13) (S 105,13,16) (S 161,97,34) (S 34,34,34) (S 187,117,43) (S 43,43,43) (S 197,110,48) (D 0,1,1)
0 1 23 1751 729 9 (D 0,1,1) (S 167,32,111) (S 180,68,116) (S 181,116,50) (S 50,50,50) (S 70,50,51) (S 51,51,51) (S 203,52,120) (D 0,1,1)
0 1 24 1742 864 13 (D 0,1,1) (S 173,38,114) (S 188,114,44) (S 189,44,54) (S 204,54,44) (S 190,44,45) (S 195,69,46) (S 56,56,56) (S 55,55,55) (S 193,55,69) (S 206,55,121) (S 53,53,53) (D 0,1,1)
0 1 25 1744 858 10 (D 0,1,1) (S 202,43,119) (S 183,43,113) (S 186,113,43) (S 170,113,112) (S 33,33,33) (S 146,103,26) (S 144,25,102) (S 134,98,92) (D 0,1,1)
0 1 26 1738 1020 12 (D 0,1,1) (S 135,99,98) (S 136,99,100) (S 163,65,107) (S 124,24,20) (S 200,50,118) (S 49,49,49) (S 199,49,50) (S 212,51,61) (S 184,51,113) (S 37,37,37) (D 0,1,1)
0 1 27 1739 1394 15 (D 0,1,1) (S 61,61,61) (S 52,52,52) (S 182,113,116) (S 67,68,49) (S 211,60,118) (S 209,59,122) (S 168,36,33) (S 159,33,32) (S 143,32,102) (S 142,102,94) (S 128,95,96) (S 110,89,64) (S 133,98,22) (D 0,1,1)
0 1 28 1201 1513 17 (D 0,1,1) (S 27,27,27) (S 148,27,104) (S 139,23,101) (S 138,23,99) (S 162,106,38) (S 172,38,106) (S 137,23,17) (S 123,20,94) (S 126,94,90) (S 104,64,12) (S 62,12,62) (S 160,26,103) (S 147,26,97) (S 178,110,48) (S 198,48,47) (D 0,1,1)
