737
9
514500
22208
0 1 1 75 43 7 (D 0,1,1) (S 2,2,2) (S 1,1,1) (S 10,10,10) (S 36,10,9) (S 67,10,6) (D 0,1,1)
0 1 2 74 58 8 (D 0,1,1) (S 3,3,3) (S 7,7,7) (S 13,13,13) (S 14,14,14) (S 20,20,20) (S 61,32,24) (D 0,1,1)
0 1 3 75 49 7 (D 0,1,1) (S 5,5,5) (S 16,16,16) (S 41,16,9) (S 9,9,9) (S 12,12,12) (D 0,1,1)
0 1 4 74 71 13 (D 0,1,1) (S 43,2,7) (S 38,7,33) (S 18,18,18) (S 19,19,19) (S 32,19,29) (S 24,24,24) (S 62,24,32) (S 37,32,31) (S 27,27,27) (S 23,23,23) (S 71,23,24) (D 0,1,1)
0 1 5 74 69 10 (D 0,1,1) (S 66,2,7) (S 58,13,19) (S 35,29,12) (S 30,12,11) (S 11,11,11) (S 34,11,30) (S 6,6,6) (S 22,22,22) (D 0,1,1)
0 1 6 74 110 13 (D 0,1,1) (S 44,2,3) (S 4,4,4) (S 8,8,8) (S 54,8,4) (S 65,4,8) (S 60,8,7) (S 39,13,14) (S 31,22,21) (S 21,21,21) (S 26,26,26) (S 50,28,27) (D 0,1,1)
0 1 7 74 106 10 (D 0,1,1) (S 40,2,33) (S 45,33,30) (S 15,15,15) (S 25,25,25) (S 70,25,15) (S 28,22,28) (S 33,28,26) (S 52,16,17) (D 0,1,1)
0 1 8 75 132 16 (D 0,1,1) (S 49,12,18) (S 29,18,29) (S 46,29,24) (S 59,24,29) (S 55,18,12) (S 63,11,17) (S 17,17,17) (S 64,17,18) (S 53,17,16) (S 56,12,33) (S 57,8,20) (S 42,20,32) (S 69,31,27) (S 47,27,23) (D 0,1,1)
0 1 9 19 99 6 (D 0,1,1) (S 68,8,20) (S 48,27,23) (S 51,6,34) (S 72,34,5) (D 0,1,1)
