459
10
891200
19620
0 1 1 50 6 6 (D 0,1,1) (S 2,2,2) (S 1,1,1) (S 43,1,2) (S 26,2,6) (D 0,1,1)
0 1 2 50 40 8 (D 0,1,1) (S 6,6,6) (S 8,8,8) (S 31,8,3) (S 3,3,3) (S 14,14,14) (S 44,3,6) (D 0,1,1)
0 1 3 50 34 8 (D 0,1,1) (S 20,20,20) (S 18,18,18) (S 17,17,17) (S 16,16,16) (S 25,15,25) (S 22,22,22) (D 0,1,1)
0 1 4 50 33 7 (D 0,1,1) (S 21,21,21) (S 4,4,4) (S 39,4,5) (S 5,5,5) (S 54,31,22) (D 0,1,1)
0 1 5 49 50 7 (D 0,1,1) (S 32,6,29) (S 30,29,30) (S 37,30,13) (S 13,13,13) (S 33,26,28) (D 0,1,1)
0 1 6 49 49 7 (D 0,1,1) (S 15,15,15) (S 49,25,19) (S 19,19,19) (S 35,19,17) (S 7,7,7) (D 0,1,1)
0 1 7 48 41 8 (D 0,1,1) (S 12,12,12) (S 11,11,11) (S 10,10,10) (S 9,9,9) (S 24,7,24) (S 46,24,4) (D 0,1,1)
0 1 8 50 60 9 (D 0,1,1) (S 23,23,5) (S 53,4,24) (S 47,24,30) (S 42,30,13) (S 28,26,14) (S 55,14,28) (S 50,30,8) (D 0,1,1)
0 1 9 47 98 11 (D 0,1,1) (S 27,23,22) (S 38,31,4) (S 45,31,7) (S 48,7,31) (S 41,20,21) (S 29,28,27) (S 51,26,13) (S 36,13,14) (S 40,14,13) (D 0,1,1)
0 1 10 8 48 4 (D 0,1,1) (S 34,24,30) (S 52,9,10) (D 0,1,1)
