734
10
875400
35390
0 1 1 70 32 10 (D 0,1,1) (S 2,2,2) (S 3,3,3) (S 7,7,7) (S 8,8,8) (S 12,12,12) (S 36,12,37) (S 62,37,43) (S 43,43,9) (D 0,1,1)
0 1 2 70 51 14 (D 0,1,1) (S 1,1,1) (S 4,4,4) (S 5,5,5) (S 100,5,4) (S 53,4,7) (S 111,7,8) (S 9,9,9) (S 121,9,47) (S 51,12,15) (S 15,15,15) (S 26,26,26) (S 86,26,18) (D 0,1,1)
0 1 3 70 49 13 (D 0,1,1) (S 63,2,1) (S 109,4,38) (S 6,6,6) (S 37,6,35) (S 44,35,14) (S 14,14,14) (S 23,23,23) (S 73,23,48) (S 21,21,21) (S 22,22,22) (S 33,22,16) (D 0,1,1)
0 1 4 70 68 14 (D 0,1,1) (S 106,2,3) (S 38,38,36) (S 48,36,15) (S 17,17,17) (S 18,18,18) (S 56,25,32) (S 31,31,31) (S 78,31,33) (S 57,33,42) (S 28,28,28) (S 76,28,42) (S 101,41,25) (D 0,1,1)
0 1 5 70 71 17 (D 0,1,1) (S 64,6,49) (S 117,49,10) (S 10,10,10) (S 39,40,39) (S 16,16,16) (S 50,16,40) (S 13,13,13) (S 54,13,40) (S 89,13,44) (S 66,44,48) (S 46,44,17) (S 80,17,15) (S 94,15,17) (S 115,17,24) (S 116,17,14) (D 0,1,1)
0 1 6 70 79 18 (D 0,1,1) (S 112,4,5) (S 75,5,8) (S 122,8,9) (S 60,9,8) (S 87,8,5) (S 96,12,11) (S 11,11,11) (S 113,11,38) (S 97,38,6) (S 114,6,10) (S 67,10,13) (S 40,13,14) (S 103,14,36) (S 35,36,35) (S 69,35,13) (S 84,16,50) (D 0,1,1)
0 1 7 70 77 12 (D 0,1,1) (S 81,45,29) (S 29,29,29) (S 98,45,26) (S 25,25,25) (S 41,41,28) (S 27,27,27) (S 34,27,34) (S 47,34,22) (S 55,34,46) (S 65,21,50) (D 0,1,1)
0 1 8 70 102 15 (D 0,1,1) (S 74,43,20) (S 20,20,20) (S 52,20,45) (S 77,20,43) (S 42,42,30) (S 30,30,30) (S 59,30,31) (S 82,31,33) (S 32,33,32) (S 107,32,42) (S 95,42,31) (S 58,28,27) (S 24,24,24) (D 0,1,1)
0 1 9 70 131 19 (D 0,1,1) (S 90,12,18) (S 45,18,25) (S 49,41,44) (S 108,44,48) (S 79,36,11) (S 110,11,36) (S 91,36,14) (S 99,14,15) (S 61,15,14) (S 119,18,12) (S 68,12,7) (S 19,19,19) (S 72,19,26) (S 83,26,19) (S 105,17,24) (S 71,28,27) (S 102,27,30) (D 0,1,1)
0 1 10 24 74 10 (D 0,1,1) (S 93,38,6) (S 85,10,13) (S 92,10,49) (S 120,39,50) (S 70,50,21) (S 104,50,16) (S 88,50,39) (S 118,14,17) (D 0,1,1)
