25360
45
2255800
137736
0 1 1 130 352 8 (D 0,1,1) (S 2,2,2) (S 61,2,50) (S 59,50,49) (S 157,49,50) (S 50,12,44) (S 120,43,61) (D 0,1,1)
0 1 2 129 316 7 (D 0,1,1) (S 62,2,51) (S 65,51,53) (S 163,53,51) (S 160,51,2) (S 71,52,11) (D 0,1,1)
0 1 3 129 282 6 (D 0,1,1) (S 63,2,9) (S 9,9,9) (S 161,9,2) (S 69,16,15) (D 0,1,1)
0 1 4 129 445 5 (D 0,1,1) (S 64,2,52) (S 16,16,16) (S 85,25,19) (D 0,1,1)
0 1 5 129 335 7 (D 0,1,1) (S 159,2,50) (S 60,50,20) (S 20,20,20) (S 54,20,46) (S 218,43,61) (D 0,1,1)
0 1 6 129 455 6 (D 0,1,1) (S 162,2,52) (S 15,15,15) (S 167,15,16) (S 183,25,19) (D 0,1,1)
0 1 7 130 508 9 (D 0,1,1) (S 66,51,54) (S 67,54,55) (S 165,55,54) (S 68,54,16) (S 70,16,52) (S 168,52,16) (S 86,61,62) (D 0,1,1)
0 1 8 129 247 6 (D 0,1,1) (S 164,51,54) (S 166,54,16) (S 11,11,11) (S 72,11,15) (D 0,1,1)
0 1 9 130 312 7 (D 0,1,1) (S 158,50,20) (S 24,24,24) (S 49,24,12) (S 12,12,12) (S 48,12,43) (D 0,1,1)
0 1 10 128 453 7 (D 0,1,1) (S 75,7,10) (S 10,10,10) (S 76,10,57) (S 77,57,1) (S 78,1,10) (D 0,1,1)
0 1 11 130 453 5 (D 0,1,1) (S 173,7,10) (S 1,1,1) (S 175,1,57) (D 0,1,1)
0 1 12 129 472 5 (D 0,1,1) (S 94,65,21) (S 21,21,21) (S 95,21,18) (D 0,1,1)
0 1 13 129 495 5 (D 0,1,1) (S 192,65,21) (S 18,18,18) (S 87,19,62) (D 0,1,1)
0 1 14 129 612 6 (D 0,1,1) (S 81,59,33) (S 17,17,17) (S 35,32,33) (S 88,19,3) (D 0,1,1)
0 1 15 130 543 7 (D 0,1,1) (S 179,59,33) (S 36,33,34) (S 116,34,77) (S 117,77,13) (S 185,19,62) (D 0,1,1)
0 1 16 130 374 8 (D 0,1,1) (S 25,25,25) (S 19,19,19) (S 3,3,3) (S 186,3,19) (S 83,25,60) (S 82,60,58) (D 0,1,1)
0 1 17 130 654 4 (D 0,1,1) (S 113,41,23) (S 23,23,23) (D 0,1,1)
0 1 18 130 949 10 (D 0,1,1) (S 211,41,23) (S 109,23,73) (S 110,73,74) (S 111,74,23) (S 207,23,73) (S 208,73,74) (S 209,74,23) (S 31,30,5) (D 0,1,1)
0 1 19 130 644 6 (D 0,1,1) (S 96,18,33) (S 133,33,32) (S 34,32,17) (S 132,17,32) (D 0,1,1)
0 1 20 130 587 6 (D 0,1,1) (S 194,18,33) (S 134,33,34) (S 214,34,77) (S 13,13,13) (D 0,1,1)
0 1 21 129 800 7 (D 0,1,1) (S 107,71,28) (S 28,28,4) (S 4,4,4) (S 27,4,27) (S 30,5,29) (D 0,1,1)
0 1 22 130 820 6 (D 0,1,1) (S 205,71,28) (S 126,28,4) (S 26,4,26) (S 129,5,30) (D 0,1,1)
0 1 23 129 646 6 (D 0,1,1) (S 6,6,6) (S 8,8,8) (S 97,8,21) (S 101,68,69) (D 0,1,1)
0 1 24 127 523 6 (D 0,1,1) (S 114,64,76) (S 122,76,8) (S 98,8,66) (S 99,8,67) (D 0,1,1)
0 1 25 127 544 7 (D 0,1,1) (S 212,64,76) (S 123,76,67) (S 100,67,68) (S 102,68,22) (S 199,68,69) (D 0,1,1)
0 1 26 128 564 7 (D 0,1,1) (S 47,43,42) (S 44,42,41) (S 43,41,38) (S 40,38,37) (S 184,62,61) (D 0,1,1)
0 1 27 129 558 6 (D 0,1,1) (S 145,43,42) (S 45,42,13) (S 46,13,41) (S 141,41,38) (D 0,1,1)
0 1 28 128 681 7 (D 0,1,1) (S 22,22,22) (S 200,22,68) (S 198,68,67) (S 103,67,6) (S 106,18,71) (D 0,1,1)
0 1 29 128 360 11 (D 0,1,1) (S 92,56,64) (S 91,64,63) (S 189,63,64) (S 190,64,56) (S 7,7,7) (S 74,7,56) (S 73,56,11) (S 169,11,52) (S 170,15,11) (D 0,1,1)
0 1 30 125 441 10 (D 0,1,1) (S 51,45,44) (S 89,44,62) (S 187,62,44) (S 148,44,12) (S 146,12,43) (S 84,61,60) (S 180,60,58) (S 80,58,59) (D 0,1,1)
0 1 31 128 366 9 (D 0,1,1) (S 58,45,48) (S 57,48,47) (S 56,47,46) (S 14,14,14) (S 55,14,46) (S 53,46,45) (S 52,45,24) (D 0,1,1)
0 1 32 130 359 9 (D 0,1,1) (S 149,45,44) (S 147,12,24) (S 115,24,20) (S 152,20,46) (S 151,46,45) (S 150,45,24) (S 213,24,20) (D 0,1,1)
0 1 33 125 625 8 (D 0,1,1) (S 156,45,48) (S 155,48,47) (S 154,47,46) (S 153,46,14) (S 142,42,41) (S 215,13,77) (D 0,1,1)
0 1 34 129 567 6 (D 0,1,1) (S 104,6,70) (S 202,70,6) (S 201,6,67) (S 197,67,8) (D 0,1,1)
0 1 35 127 537 7 (D 0,1,1) (S 79,58,1) (S 176,1,10) (S 121,10,18) (S 193,18,21) (S 219,18,10) (D 0,1,1)
0 1 36 128 548 7 (D 0,1,1) (S 177,58,1) (S 174,57,10) (S 105,71,21) (S 195,21,8) (S 171,56,11) (D 0,1,1)
0 1 37 129 744 6 (D 0,1,1) (S 196,8,66) (S 220,8,76) (S 221,76,67) (S 90,25,42) (D 0,1,1)
0 1 38 130 608 7 (D 0,1,1) (S 188,25,42) (S 143,42,13) (S 144,13,41) (S 119,77,39) (S 41,39,36) (D 0,1,1)
0 1 39 130 874 7 (D 0,1,1) (S 29,28,5) (S 5,5,5) (S 128,5,29) (S 32,30,31) (S 125,4,27) (D 0,1,1)
0 1 40 126 774 6 (D 0,1,1) (S 127,28,5) (S 130,30,31) (S 33,31,17) (S 131,17,31) (D 0,1,1)
0 1 41 125 863 5 (D 0,1,1) (S 108,73,72) (S 206,72,73) (S 118,38,39) (D 0,1,1)
0 1 42 129 949 8 (D 0,1,1) (S 203,21,71) (S 204,71,18) (S 124,4,26) (S 217,77,39) (S 139,39,36) (S 39,36,37) (D 0,1,1)
0 1 43 130 744 9 (D 0,1,1) (S 37,34,35) (S 38,35,36) (S 136,36,35) (S 135,35,34) (S 42,38,40) (S 216,38,39) (S 137,36,37) (D 0,1,1)
0 1 44 130 1003 10 (D 0,1,1) (S 93,56,65) (S 191,65,56) (S 172,56,7) (S 140,38,40) (S 138,38,37) (S 112,74,75) (S 210,75,74) (S 181,25,60) (D 0,1,1)
0 1 45 20 374 4 (D 0,1,1) (S 182,61,60) (S 178,58,59) (D 0,1,1)
