37646
9
1194337200
309663
0 1 1 2000 434 13 (D 0,1,1) (S 362,370,371) (S 44,44,44) (S 60,60,60) (S 335,229,337) (S 229,229,229) (S 215,215,215) (S 214,214,214) (S 32,32,32) (S 332,333,332) (S 15,15,15) (S 52,52,52) (D 0,1,1)
0 1 2 2000 707 23 (D 0,1,1) (S 75,75,75) (S 77,77,77) (S 234,234,234) (S 73,73,73) (S 333,56,334) (S 74,74,74) (S 53,53,53) (S 223,223,223) (S 359,366,367) (S 232,232,232) (S 327,329,328) (S 70,70,70) (S 87,87,87) (S 94,94,94) (S 343,350,349) (S 337,340,341) (S 324,25,8) (S 8,8,8) (S 318,9,317) (S 9,9,9) (S 7,7,7) (D 0,1,1)
0 1 3 2000 1499 25 (D 0,1,1) (S 236,236,236) (S 352,97,234) (S 34,34,34) (S 340,345,74) (S 348,346,356) (S 355,319,360) (S 334,336,335) (S 315,28,317) (S 322,9,323) (S 25,25,25) (S 309,25,311) (S 102,102,102) (S 216,216,216) (S 206,206,206) (S 358,364,365) (S 213,213,213) (S 205,205,205) (S 217,217,217) (S 307,308,18) (S 18,18,18) (S 212,212,212) (S 47,47,47) (S 46,46,46) (D 0,1,1)
0 1 4 2000 2967 43 (D 0,1,1) (S 336,338,339) (S 33,33,33) (S 65,65,65) (S 306,307,306) (S 10,10,10) (S 310,312,313) (S 27,27,27) (S 312,315,314) (S 311,314,58) (S 58,58,58) (S 341,75,346) (S 351,234,75) (S 226,226,226) (S 63,63,63) (S 221,221,221) (S 361,63,369) (S 207,207,207) (S 225,225,225) (S 227,227,227) (S 228,228,228) (S 360,368,48) (S 48,48,48) (S 16,16,16) (S 49,49,49) (S 59,59,59) (S 330,330,322) (S 95,95,95) (S 238,238,238) (S 211,211,211) (S 237,237,237) (S 23,23,23) (S 210,210,210) (S 220,220,220) (S 4,4,4) (S 181,181,181) (S 295,295,295) (S 188,188,188) (S 191,191,191) (S 185,185,185) (S 201,201,201) (S 174,174,174) (D 0,1,1)
0 1 5 2000 3306 45 (D 0,1,1) (S 66,66,66) (S 80,80,80) (S 97,97,97) (S 304,231,304) (S 231,231,231) (S 204,204,204) (S 233,233,233) (S 303,204,303) (S 329,43,55) (S 55,55,55) (S 339,45,344) (S 320,204,320) (S 319,320,321) (S 91,91,91) (S 208,208,208) (S 69,69,69) (S 11,11,11) (S 12,12,12) (S 305,11,305) (S 357,363,362) (S 230,230,230) (S 35,35,35) (S 338,342,343) (S 396,414,413) (S 300,300,300) (S 415,434,435) (S 278,278,278) (S 298,298,298) (S 299,299,299) (S 400,176,175) (S 175,175,175) (S 296,296,296) (S 277,277,277) (S 383,296,140) (S 140,140,140) (S 198,198,198) (S 199,199,199) (S 143,143,143) (S 406,398,426) (S 385,398,402) (S 165,165,165) (S 162,162,162) (S 184,184,184) (D 0,1,1)
0 1 6 2000 2984 38 (D 0,1,1) (S 82,82,82) (S 331,331,317) (S 349,357,358) (S 64,64,64) (S 2,2,2) (S 3,3,3) (S 381,399,398) (S 380,398,397) (S 161,161,161) (S 405,424,425) (S 419,180,440) (S 408,180,428) (S 389,408,407) (S 410,430,287) (S 287,287,287) (S 183,183,183) (S 388,287,406) (S 416,418,436) (S 417,436,437) (S 401,418,419) (S 154,154,154) (S 202,202,202) (S 407,179,427) (S 149,149,149) (S 158,158,158) (S 418,438,439) (S 197,197,197) (S 281,281,281) (S 200,200,200) (S 171,171,171) (S 420,201,432) (S 414,432,433) (S 283,283,283) (S 421,442,441) (S 392,200,410) (S 178,178,178) (D 0,1,1)
0 1 7 2000 4958 48 (D 0,1,1) (S 54,54,54) (S 353,50,340) (S 56,56,56) (S 346,354,353) (S 219,219,219) (S 323,324,325) (S 270,270,270) (S 274,274,274) (S 267,267,267) (S 377,395,394) (S 374,391,390) (S 272,272,272) (S 265,265,265) (S 107,107,107) (S 375,392,132) (S 132,132,132) (S 273,273,273) (S 130,130,130) (S 126,126,126) (S 123,123,123) (S 258,258,258) (S 125,125,125) (S 279,279,279) (S 182,182,182) (S 394,165,402) (S 379,397,396) (S 390,170,143) (S 384,143,401) (S 166,166,166) (S 167,167,167) (S 261,261,261) (S 118,118,118) (S 289,289,289) (S 155,155,155) (S 290,290,290) (S 153,153,153) (S 288,288,288) (S 398,417,415) (S 397,415,416) (S 409,429,421) (S 403,421,422) (S 243,243,243) (S 240,240,240) (S 251,251,251) (S 141,141,141) (S 142,142,142) (D 0,1,1)
0 1 8 2000 9736 114 (D 0,1,1) (S 96,96,96) (S 326,97,327) (S 30,30,30) (S 209,209,209) (S 391,409,405) (S 156,156,156) (S 285,285,285) (S 413,189,431) (S 189,189,189) (S 293,293,293) (S 195,195,195) (S 194,194,194) (S 393,411,171) (S 399,188,174) (S 411,387,138) (S 138,138,138) (S 302,302,302) (S 372,387,388) (S 280,280,280) (S 152,152,152) (S 297,297,297) (S 282,282,282) (S 291,291,291) (S 247,247,247) (S 253,253,253) (S 246,246,246) (S 239,239,239) (S 248,248,248) (S 262,262,262) (S 260,260,260) (S 122,122,122) (S 263,263,263) (S 249,249,249) (S 252,252,252) (S 244,244,244) (S 292,292,292) (S 150,150,150) (S 119,119,119) (S 157,157,157) (S 294,294,294) (S 177,177,177) (S 382,400,139) (S 139,139,139) (S 402,400,420) (S 180,180,180) (S 259,259,259) (S 369,259,382) (S 121,121,121) (S 371,386,385) (S 134,134,134) (S 269,269,269) (S 266,266,266) (S 275,275,275) (S 271,271,271) (S 128,128,128) (S 268,268,268) (S 127,127,127) (S 365,375,376) (S 108,108,108) (S 116,116,116) (S 256,256,256) (S 367,378,379) (S 257,257,257) (S 117,117,117) (S 364,374,110) (S 110,110,110) (S 368,380,381) (S 241,241,241) (S 109,109,109) (S 242,242,242) (S 255,255,255) (S 254,254,254) (S 245,245,245) (S 276,276,276) (S 129,129,129) (S 366,377,245) (S 111,111,111) (S 105,105,105) (S 112,112,112) (S 137,137,137) (S 301,301,301) (S 173,173,173) (S 163,163,163) (S 286,286,286) (S 151,151,151) (S 284,284,284) (S 387,405,404) (S 148,148,148) (S 168,168,168) (S 187,187,187) (S 146,146,146) (S 144,144,144) (S 203,203,203) (S 313,22,316) (S 72,72,72) (S 222,222,222) (S 67,67,67) (S 344,351,352) (S 19,19,19) (S 218,218,218) (S 224,224,224) (S 321,322,36) (S 36,36,36) (S 6,6,6) (S 342,347,348) (S 26,26,26) (S 21,21,21) (S 39,39,39) (S 325,41,326) (S 41,41,41) (S 28,28,28) (S 314,7,36) (D 0,1,1)
0 1 9 336 11055 91 (D 0,1,1) (S 235,235,235) (S 1,1,1) (S 363,372,373) (S 43,43,43) (S 308,309,310) (S 40,40,40) (S 356,231,361) (S 345,233,33) (S 38,38,38) (S 317,41,21) (S 328,311,329) (S 354,61,340) (S 316,318,319) (S 350,354,359) (S 37,37,37) (S 103,103,103) (S 373,388,389) (S 370,384,383) (S 250,250,250) (S 264,264,264) (S 124,124,124) (S 136,136,136) (S 133,133,133) (S 160,160,160) (S 159,159,159) (S 164,164,164) (S 378,296,277) (S 412,186,174) (S 404,178,423) (S 193,193,193) (S 395,281,412) (S 120,120,120) (S 115,115,115) (S 106,106,106) (S 104,104,104) (S 113,113,113) (S 145,145,145) (S 169,169,169) (S 179,179,179) (S 170,170,170) (S 186,186,186) (S 192,192,192) (S 386,149,403) (S 190,190,190) (S 176,176,176) (S 422,175,443) (S 172,172,172) (S 196,196,196) (S 147,147,147) (S 14,14,14) (S 68,68,68) (S 101,101,101) (S 24,24,24) (S 17,17,17) (S 20,20,20) (S 81,81,81) (S 42,42,42) (S 31,31,31) (S 22,22,22) (S 88,88,88) (S 13,13,13) (S 86,86,86) (S 85,85,85) (S 51,51,51) (S 98,98,98) (S 57,57,57) (S 50,50,50) (S 62,62,62) (S 61,61,61) (S 90,90,90) (S 89,89,89) (S 71,71,71) (S 99,99,99) (S 100,100,100) (S 79,79,79) (S 92,92,92) (S 76,76,76) (S 347,76,355) (S 93,93,93) (S 5,5,5) (S 29,29,29) (S 45,45,45) (S 78,78,78) (S 84,84,84) (S 83,83,83) (S 131,131,131) (S 135,135,135) (S 376,391,393) (S 114,114,114) (D 0,1,1)
