9640
25
871300
52336
0 1 1 1541 321 5 (D 0,1,1) (S 35,23,16) (S 49,26,33) (S 48,25,32) (D 0,1,1)
0 1 2 1564 152 5 (D 0,1,1) (S 37,23,24) (S 32,24,19) (S 22,19,9) (D 0,1,1)
0 1 3 1565 303 6 (D 0,1,1) (S 38,23,27) (S 54,27,36) (S 68,35,34) (S 17,16,5) (D 0,1,1)
0 1 4 1489 168 6 (D 0,1,1) (S 29,23,17) (S 28,17,18) (S 30,18,19) (S 41,24,28) (D 0,1,1)
0 1 5 1542 313 5 (D 0,1,1) (S 19,17,7) (S 6,7,4) (S 1,2,1) (D 0,1,1)
0 1 6 1481 362 5 (D 0,1,1) (S 40,24,20) (S 42,20,21) (S 60,30,31) (D 0,1,1)
0 1 7 1508 240 6 (D 0,1,1) (S 39,23,28) (S 53,28,27) (S 51,27,33) (S 52,33,35) (D 0,1,1)
0 1 8 1560 401 6 (D 0,1,1) (S 50,26,34) (S 69,34,44) (S 84,44,52) (S 20,18,7) (D 0,1,1)
0 1 9 1562 298 5 (D 0,1,1) (S 36,16,26) (S 67,41,43) (S 82,43,44) (D 0,1,1)
0 1 10 1525 295 5 (D 0,1,1) (S 33,16,15) (S 34,15,25) (S 64,32,41) (D 0,1,1)
0 1 11 1567 499 6 (D 0,1,1) (S 73,37,38) (S 59,38,29) (S 58,29,30) (S 5,6,4) (D 0,1,1)
0 1 12 1461 402 5 (D 0,1,1) (S 74,37,46) (S 89,46,47) (S 90,47,48) (D 0,1,1)
0 1 13 1538 392 6 (D 0,1,1) (S 70,36,35) (S 66,34,41) (S 65,32,42) (S 71,36,37) (D 0,1,1)
0 1 14 1560 386 5 (D 0,1,1) (S 26,21,13) (S 25,13,14) (S 27,14,22) (D 0,1,1)
0 1 15 1487 309 5 (D 0,1,1) (S 15,15,3) (S 2,3,1) (S 4,2,5) (D 0,1,1)
0 1 16 1428 373 5 (D 0,1,1) (S 8,9,6) (S 7,6,8) (S 9,8,10) (D 0,1,1)
0 1 17 1557 451 6 (D 0,1,1) (S 21,9,11) (S 23,11,13) (S 12,13,10) (S 3,4,2) (D 0,1,1)
0 1 18 1536 421 5 (D 0,1,1) (S 85,51,50) (S 81,50,42) (S 57,37,28) (D 0,1,1)
0 1 19 1497 334 6 (D 0,1,1) (S 72,36,45) (S 87,45,52) (S 86,52,51) (S 83,51,43) (D 0,1,1)
0 1 20 1565 461 6 (D 0,1,1) (S 24,20,11) (S 10,11,8) (S 11,10,12) (S 13,12,14) (D 0,1,1)
0 1 21 1547 521 6 (D 0,1,1) (S 43,20,29) (S 55,29,28) (S 75,38,39) (S 76,38,47) (D 0,1,1)
0 1 22 1517 638 8 (D 0,1,1) (S 16,7,5) (S 14,5,3) (S 47,25,26) (S 80,43,42) (S 88,45,46) (S 56,36,28) (D 0,1,1)
0 1 23 1546 635 7 (D 0,1,1) (S 31,24,18) (S 18,7,9) (S 45,21,30) (S 61,30,39) (S 91,48,49) (D 0,1,1)
0 1 24 1459 431 6 (D 0,1,1) (S 44,21,22) (S 46,22,31) (S 63,31,40) (S 77,40,39) (D 0,1,1)
0 1 25 1486 534 5 (D 0,1,1) (S 62,31,39) (S 78,39,48) (S 79,49,40) (D 0,1,1)
