791
9
1338800
18564
0 1 1 75 44 11 (D 0,1,1) (S 2,2,2) (S 3,3,3) (S 5,5,5) (S 1,1,1) (S 7,7,7) (S 14,14,14) (S 56,14,13) (S 77,13,14) (S 65,8,31) (D 0,1,1)
0 1 2 75 58 9 (D 0,1,1) (S 60,2,31) (S 8,8,8) (S 32,8,7) (S 13,13,13) (S 16,16,16) (S 85,16,13) (S 38,8,30) (D 0,1,1)
0 1 3 75 36 9 (D 0,1,1) (S 82,3,28) (S 9,9,9) (S 11,11,11) (S 15,15,15) (S 12,12,12) (S 76,12,15) (S 19,19,19) (D 0,1,1)
0 1 4 75 88 10 (D 0,1,1) (S 42,2,32) (S 84,38,6) (S 6,6,6) (S 63,6,13) (S 18,18,18) (S 22,22,22) (S 26,26,26) (S 25,25,25) (D 0,1,1)
0 1 5 75 68 11 (D 0,1,1) (S 10,10,10) (S 29,29,28) (S 33,28,9) (S 35,9,29) (S 41,29,10) (S 81,34,33) (S 83,33,41) (S 59,41,15) (S 79,11,9) (D 0,1,1)
0 1 6 75 83 12 (D 0,1,1) (S 34,31,28) (S 68,28,40) (S 53,40,35) (S 78,35,40) (S 86,40,28) (S 39,17,18) (S 30,18,30) (S 31,30,14) (S 52,14,7) (S 62,32,2) (D 0,1,1)
0 1 7 74 131 18 (D 0,1,1) (S 50,4,1) (S 45,1,32) (S 36,5,4) (S 4,4,4) (S 73,38,37) (S 46,37,38) (S 75,38,4) (S 37,5,32) (S 43,8,29) (S 57,29,8) (S 47,10,39) (S 49,39,19) (S 74,22,25) (S 28,26,22) (S 70,22,21) (S 21,21,21) (D 0,1,1)
0 1 8 75 156 18 (D 0,1,1) (S 61,16,20) (S 20,20,20) (S 24,24,24) (S 64,24,20) (S 67,21,25) (S 69,25,26) (S 27,27,27) (S 23,23,23) (S 44,23,36) (S 51,36,15) (S 48,15,36) (S 80,15,11) (S 58,11,10) (S 54,39,30) (S 66,30,39) (S 88,33,41) (D 0,1,1)
0 1 9 28 127 8 (D 0,1,1) (S 71,21,25) (S 40,25,24) (S 55,24,25) (S 87,22,23) (S 72,27,26) (S 17,17,17) (D 0,1,1)
