207
10
687900
18157
0 1 1 27 2 4 (D 0,1,1) (S 2,2,2) (S 6,6,6) (D 0,1,1)
0 1 2 27 10 5 (D 0,1,1) (S 1,1,1) (S 3,3,3) (S 23,3,5) (D 0,1,1)
0 1 3 27 12 7 (D 0,1,1) (S 4,4,4) (S 32,4,10) (S 7,7,7) (S 38,7,10) (S 5,5,5) (D 0,1,1)
0 1 4 27 12 6 (D 0,1,1) (S 8,8,8) (S 13,10,11) (S 22,11,1) (S 41,10,3) (D 0,1,1)
0 1 5 27 11 6 (D 0,1,1) (S 45,6,10) (S 18,10,1) (S 33,1,5) (S 44,5,10) (D 0,1,1)
0 1 6 27 17 7 (D 0,1,1) (S 9,9,9) (S 29,9,3) (S 47,3,11) (S 19,11,9) (S 27,3,4) (D 0,1,1)
0 1 7 27 21 7 (D 0,1,1) (S 31,2,4) (S 10,2,8) (S 11,8,7) (S 12,7,5) (S 36,5,9) (D 0,1,1)
0 1 8 27 24 6 (D 0,1,1) (S 30,2,1) (S 39,1,6) (S 25,6,5) (S 15,1,8) (D 0,1,1)
0 1 9 27 35 8 (D 0,1,1) (S 24,2,7) (S 42,3,6) (S 37,8,9) (S 17,9,1) (S 14,7,4) (S 34,2,11) (D 0,1,1)
0 1 10 23 63 11 (D 0,1,1) (S 35,6,11) (S 40,11,7) (S 43,8,4) (S 20,4,5) (S 28,5,8) (S 16,6,4) (S 46,2,5) (S 21,3,8) (S 26,10,2) (D 0,1,1)
