157
8
609400
10679
0 1 1 27 7 6 (D 0,1,1) (S 2,2,2) (S 1,1,1) (S 20,1,6) (S 4,4,4) (D 0,1,1)
0 1 2 27 14 6 (D 0,1,1) (S 9,9,9) (S 33,9,2) (S 7,7,7) (S 17,5,8) (D 0,1,1)
0 1 3 27 8 4 (D 0,1,1) (S 3,3,3) (S 21,7,4) (D 0,1,1)
0 1 4 27 17 7 (D 0,1,1) (S 6,6,6) (S 5,5,5) (S 8,8,8) (S 26,3,10) (S 11,5,9) (D 0,1,1)
0 1 5 27 17 7 (D 0,1,1) (S 13,2,6) (S 10,6,10) (S 12,10,11) (S 14,11,3) (S 27,3,4) (D 0,1,1)
0 1 6 27 27 6 (D 0,1,1) (S 18,6,4) (S 30,4,9) (S 16,9,8) (S 32,8,6) (D 0,1,1)
0 1 7 26 35 8 (D 0,1,1) (S 31,2,11) (S 24,11,4) (S 15,4,2) (S 28,6,9) (S 23,2,1) (S 19,3,2) (D 0,1,1)
0 1 8 17 32 5 (D 0,1,1) (S 25,2,8) (S 29,5,7) (S 22,7,8) (D 0,1,1)
