654
10
2138500
33651
0 1 1 70 34 10 (D 0,1,1) (S 2,2,2) (S 4,4,4) (S 15,15,15) (S 16,16,16) (S 56,16,10) (S 10,10,10) (S 9,9,9) (S 72,38,16) (D 0,1,1)
0 1 2 70 48 11 (D 0,1,1) (S 3,3,3) (S 52,46,5) (S 5,5,5) (S 7,7,7) (S 12,12,12) (S 24,24,24) (S 29,29,29) (S 83,29,40) (S 94,40,28) (D 0,1,1)
0 1 3 70 43 10 (D 0,1,1) (S 1,1,1) (S 85,8,45) (S 14,14,14) (S 103,14,15) (S 45,15,44) (S 27,27,27) (S 78,27,44) (S 62,44,27) (D 0,1,1)
0 1 4 70 48 12 (D 0,1,1) (S 60,2,3) (S 38,9,38) (S 32,32,32) (S 26,26,26) (S 25,25,25) (S 21,21,21) (S 13,13,13) (S 20,20,20) (S 47,20,24) (S 89,24,23) (D 0,1,1)
0 1 5 70 57 10 (D 0,1,1) (S 58,4,45) (S 51,45,13) (S 49,13,21) (S 31,31,31) (S 30,30,30) (S 34,34,34) (S 33,33,33) (S 57,43,47) (D 0,1,1)
0 1 6 70 73 13 (D 0,1,1) (S 8,8,8) (S 82,8,15) (S 106,15,26) (S 105,32,48) (S 91,48,36) (S 36,36,36) (S 35,35,35) (S 66,35,34) (S 64,34,33) (S 55,33,43) (S 67,30,31) (D 0,1,1)
0 1 7 70 67 15 (D 0,1,1) (S 11,11,11) (S 18,18,18) (S 17,17,17) (S 28,28,28) (S 22,22,22) (S 92,22,28) (S 44,40,43) (S 88,29,23) (S 23,23,23) (S 43,23,39) (S 19,19,19) (S 54,19,18) (S 98,17,22) (D 0,1,1)
0 1 8 70 92 17 (D 0,1,1) (S 6,6,6) (S 93,6,11) (S 95,11,19) (S 101,19,11) (S 39,39,40) (S 48,29,30) (S 84,30,31) (S 96,31,50) (S 69,50,25) (S 50,25,24) (S 46,13,12) (S 42,12,7) (S 75,12,19) (S 77,19,12) (S 81,20,25) (D 0,1,1)
0 1 9 70 111 21 (D 0,1,1) (S 65,46,10) (S 86,10,9) (S 79,9,5) (S 90,14,13) (S 40,26,31) (S 99,31,50) (S 76,50,25) (S 108,26,32) (S 71,32,44) (S 87,44,32) (S 53,35,42) (S 37,37,37) (S 63,37,42) (S 41,42,41) (S 68,41,35) (S 59,35,37) (S 61,37,35) (S 73,37,49) (S 102,25,20) (D 0,1,1)
0 1 10 24 81 9 (D 0,1,1) (S 80,2,1) (S 97,11,6) (S 74,17,22) (S 100,22,39) (S 107,39,22) (S 70,33,49) (S 104,49,37) (D 0,1,1)
