576
10
898600
24087
0 1 1 27 4 5 (D 0,1,1) (S 2,2,2) (S 3,3,3) (S 23,3,2) (D 0,1,1)
0 1 2 27 20 6 (D 0,1,1) (S 38,2,25) (S 44,25,16) (S 4,4,4) (S 1,1,1) (D 0,1,1)
0 1 3 27 57 7 (D 0,1,1) (S 18,16,17) (S 46,17,3) (S 37,1,5) (S 5,5,5) (S 28,21,23) (D 0,1,1)
0 1 4 27 76 7 (D 0,1,1) (S 33,25,26) (S 40,23,27) (S 10,10,10) (S 25,21,7) (S 45,24,6) (D 0,1,1)
0 1 5 27 78 8 (D 0,1,1) (S 41,2,1) (S 26,1,16) (S 31,16,5) (S 24,21,22) (S 7,7,7) (S 8,8,8) (D 0,1,1)
0 1 6 27 54 6 (D 0,1,1) (S 12,12,12) (S 42,12,20) (S 14,14,14) (S 15,15,15) (D 0,1,1)
0 1 7 27 63 5 (D 0,1,1) (S 22,19,15) (S 9,9,9) (S 20,9,6) (D 0,1,1)
0 1 8 27 71 8 (D 0,1,1) (S 29,24,7) (S 19,18,11) (S 11,11,11) (S 21,9,13) (S 13,13,13) (S 17,12,14) (D 0,1,1)
0 1 9 27 80 8 (D 0,1,1) (S 27,12,11) (S 32,11,6) (S 6,6,6) (S 36,6,18) (S 30,11,13) (S 34,13,20) (D 0,1,1)
0 1 10 6 73 6 (D 0,1,1) (S 16,16,4) (S 43,27,24) (S 39,7,18) (S 35,19,21) (D 0,1,1)
