7330
11
740100
13864
0 1 1 1542 370 8 (D 0,1,1) (S 16,16,16) (S 57,16,28) (S 30,28,29) (S 58,29,36) (S 49,36,22) (S 48,25,11) (D 0,1,1)
0 1 2 1533 302 7 (D 0,1,1) (S 15,15,15) (S 31,15,30) (S 54,30,27) (S 14,14,14) (S 62,39,30) (D 0,1,1)
0 1 3 1520 677 7 (D 0,1,1) (S 63,16,41) (S 23,9,21) (S 21,20,19) (S 20,19,3) (S 35,31,32) (D 0,1,1)
0 1 4 1517 517 7 (D 0,1,1) (S 60,30,39) (S 13,13,13) (S 52,13,12) (S 12,12,12) (S 25,12,23) (D 0,1,1)
0 1 5 1523 681 8 (D 0,1,1) (S 55,38,27) (S 29,27,14) (S 28,14,13) (S 40,23,33) (S 8,8,8) (S 9,9,9) (D 0,1,1)
0 1 6 1537 518 8 (D 0,1,1) (S 47,35,11) (S 11,11,11) (S 10,10,10) (S 44,10,34) (S 43,34,23) (S 26,10,24) (D 0,1,1)
0 1 7 1530 961 8 (D 0,1,1) (S 61,30,27) (S 50,24,37) (S 41,8,33) (S 18,2,3) (S 22,6,7) (S 36,19,18) (D 0,1,1)
0 1 8 1519 828 9 (D 0,1,1) (S 45,11,20) (S 42,20,21) (S 39,9,7) (S 7,7,7) (S 6,6,6) (S 37,6,19) (S 4,4,4) (D 0,1,1)
0 1 9 1497 752 8 (D 0,1,1) (S 32,16,15) (S 38,6,31) (S 3,3,3) (S 2,2,2) (S 19,2,18) (S 46,11,25) (D 0,1,1)
0 1 10 1542 826 8 (D 0,1,1) (S 24,22,9) (S 34,32,31) (S 1,1,1) (S 17,1,17) (S 5,5,5) (S 51,35,38) (D 0,1,1)
0 1 11 478 898 7 (D 0,1,1) (S 27,26,25) (S 33,4,1) (S 59,40,39) (S 53,14,37) (S 56,26,28) (D 0,1,1)
