269
9
549200
15039
0 1 1 27 11 8 (D 0,1,1) (S 2,2,2) (S 34,2,10) (S 18,10,7) (S 47,11,5) (S 5,5,5) (S 9,10,8) (D 0,1,1)
0 1 2 27 13 7 (D 0,1,1) (S 36,10,5) (S 16,5,8) (S 3,3,3) (S 13,3,8) (S 10,8,1) (D 0,1,1)
0 1 3 27 20 7 (D 0,1,1) (S 6,6,6) (S 28,6,9) (S 8,9,8) (S 11,8,4) (S 46,11,6) (D 0,1,1)
0 1 4 27 24 8 (D 0,1,1) (S 15,8,6) (S 26,9,11) (S 12,11,8) (S 4,4,4) (S 42,4,3) (S 21,3,7) (D 0,1,1)
0 1 5 27 26 8 (D 0,1,1) (S 31,10,4) (S 37,11,1) (S 1,1,1) (S 38,1,3) (S 25,1,9) (S 14,8,2) (D 0,1,1)
0 1 6 27 38 8 (D 0,1,1) (S 49,2,6) (S 39,6,1) (S 19,1,7) (S 20,7,11) (S 23,5,7) (S 24,10,9) (D 0,1,1)
0 1 7 27 41 6 (D 0,1,1) (S 27,2,9) (S 29,9,5) (S 40,5,1) (S 35,10,6) (D 0,1,1)
0 1 8 27 41 7 (D 0,1,1) (S 30,10,1) (S 32,11,10) (S 33,10,3) (S 7,7,8) (S 41,4,11) (D 0,1,1)
0 1 9 19 55 9 (D 0,1,1) (S 50,2,5) (S 45,11,2) (S 22,2,7) (S 17,7,9) (S 48,3,2) (S 43,2,4) (S 44,4,6) (D 0,1,1)
