10002
22
1143700
37353
0 1 1 1463 226 7 (D 0,1,1) (S 2,2,2) (S 33,2,4) (S 4,4,4) (S 53,4,43) (S 80,45,9) (D 0,1,1)
0 1 2 1472 599 6 (D 0,1,1) (S 23,2,12) (S 22,12,13) (S 11,12,11) (S 30,28,22) (D 0,1,1)
0 1 3 1439 194 8 (D 0,1,1) (S 32,2,23) (S 52,42,4) (S 54,42,30) (S 36,30,24) (S 34,24,23) (S 24,23,13) (D 0,1,1)
0 1 4 1438 347 6 (D 0,1,1) (S 25,24,13) (S 12,13,11) (S 89,13,17) (S 90,26,31) (D 0,1,1)
0 1 5 1450 328 7 (D 0,1,1) (S 57,5,6) (S 6,6,6) (S 38,6,26) (S 59,6,32) (S 63,7,34) (D 0,1,1)
0 1 6 1450 367 7 (D 0,1,1) (S 55,42,44) (S 78,44,43) (S 79,44,45) (S 56,45,30) (S 91,31,27) (D 0,1,1)
0 1 7 1461 476 6 (D 0,1,1) (S 37,5,26) (S 28,26,25) (S 9,9,9) (S 67,36,37) (D 0,1,1)
0 1 8 1456 567 6 (D 0,1,1) (S 14,15,16) (S 29,19,27) (S 65,34,47) (S 47,38,39) (D 0,1,1)
0 1 9 1434 618 7 (D 0,1,1) (S 58,5,45) (S 60,9,6) (S 62,32,46) (S 95,46,9) (S 85,50,51) (D 0,1,1)
0 1 10 1378 344 4 (D 0,1,1) (S 43,33,34) (S 64,34,36) (D 0,1,1)
0 1 11 1467 367 8 (D 0,1,1) (S 88,13,14) (S 13,14,15) (S 15,15,17) (S 26,17,25) (S 16,16,18) (S 5,5,5) (D 0,1,1)
0 1 12 1463 349 5 (D 0,1,1) (S 41,27,34) (S 66,34,48) (S 82,48,47) (D 0,1,1)
0 1 13 1455 618 5 (D 0,1,1) (S 84,49,50) (S 74,40,41) (S 21,22,21) (D 0,1,1)
0 1 14 1424 450 5 (D 0,1,1) (S 46,3,37) (S 3,3,3) (S 69,37,8) (D 0,1,1)
0 1 15 1449 409 7 (D 0,1,1) (S 40,27,33) (S 42,33,35) (S 44,35,36) (S 68,36,48) (S 98,48,10) (D 0,1,1)
0 1 16 1414 414 5 (D 0,1,1) (S 18,19,18) (S 1,1,1) (S 19,1,20) (D 0,1,1)
0 1 17 1474 451 6 (D 0,1,1) (S 48,38,8) (S 8,8,8) (S 73,8,49) (S 83,49,10) (D 0,1,1)
0 1 18 1418 477 8 (D 0,1,1) (S 61,32,7) (S 7,7,7) (S 93,7,27) (S 39,31,32) (S 96,52,47) (S 10,10,10) (D 0,1,1)
0 1 19 1471 592 8 (D 0,1,1) (S 27,24,17) (S 17,18,1) (S 86,20,53) (S 87,53,21) (S 31,22,29) (S 81,52,46) (D 0,1,1)
0 1 20 1469 518 6 (D 0,1,1) (S 45,35,37) (S 72,8,40) (S 50,40,39) (S 49,39,29) (D 0,1,1)
0 1 21 1472 669 8 (D 0,1,1) (S 35,24,26) (S 77,41,51) (S 76,51,40) (S 75,40,50) (S 51,41,29) (S 71,37,49) (D 0,1,1)
0 1 22 1040 622 7 (D 0,1,1) (S 97,48,10) (S 70,10,37) (S 92,3,35) (S 20,3,20) (S 94,38,40) (D 0,1,1)
