802
9
822900
47829
0 1 1 75 24 12 (D 0,1,1) (S 2,2,2) (S 1,1,1) (S 10,10,10) (S 6,6,6) (S 11,11,11) (S 14,14,14) (S 43,14,11) (S 48,11,10) (S 64,10,6) (S 51,6,10) (D 0,1,1)
0 1 2 75 52 9 (D 0,1,1) (S 5,5,5) (S 19,19,19) (S 15,15,15) (S 12,12,12) (S 7,7,7) (S 35,7,12) (S 69,7,8) (D 0,1,1)
0 1 3 75 68 13 (D 0,1,1) (S 32,32,33) (S 34,33,10) (S 72,6,3) (S 3,3,3) (S 37,3,34) (S 33,34,35) (S 8,8,8) (S 78,8,35) (S 13,13,13) (S 55,15,19) (S 82,14,11) (D 0,1,1)
0 1 4 75 54 10 (D 0,1,1) (S 36,32,6) (S 16,16,16) (S 17,17,17) (S 22,22,22) (S 39,22,17) (S 85,17,33) (S 76,33,17) (S 65,17,16) (D 0,1,1)
0 1 5 75 114 13 (D 0,1,1) (S 9,9,9) (S 45,9,33) (S 73,33,9) (S 57,9,16) (S 59,16,21) (S 21,21,21) (S 87,21,22) (S 26,26,26) (S 46,26,39) (S 29,29,29) (S 84,31,41) (D 0,1,1)
0 1 6 75 113 15 (D 0,1,1) (S 42,2,32) (S 50,4,40) (S 86,40,4) (S 4,4,4) (S 81,5,1) (S 68,1,2) (S 83,2,1) (S 75,7,34) (S 18,18,18) (S 54,18,24) (S 24,24,24) (S 67,24,23) (S 27,27,27) (D 0,1,1)
0 1 7 75 135 12 (D 0,1,1) (S 47,19,20) (S 20,20,20) (S 77,20,37) (S 38,37,36) (S 30,30,30) (S 31,31,31) (S 40,31,27) (S 28,28,28) (S 25,25,25) (S 79,31,30) (D 0,1,1)
0 1 8 75 153 13 (D 0,1,1) (S 41,38,23) (S 23,23,23) (S 44,26,30) (S 56,30,29) (S 52,29,39) (S 60,39,21) (S 66,16,9) (S 58,21,39) (S 63,27,24) (S 49,24,18) (S 70,14,15) (D 0,1,1)
0 1 9 27 89 8 (D 0,1,1) (S 61,7,8) (S 74,15,19) (S 53,25,28) (S 80,28,41) (S 62,28,27) (S 71,18,38) (D 0,1,1)
