916
10
996000
40280
0 1 1 75 52 15 (D 0,1,1) (S 2,2,2) (S 43,2,1) (S 1,1,1) (S 5,5,5) (S 41,5,31) (S 12,12,12) (S 46,12,31) (S 9,9,9) (S 8,8,8) (S 7,7,7) (S 83,7,8) (S 98,8,7) (S 65,14,46) (D 0,1,1)
0 1 2 75 62 13 (D 0,1,1) (S 33,1,24) (S 24,24,4) (S 4,4,4) (S 3,3,3) (S 100,3,7) (S 29,7,29) (S 47,29,36) (S 38,36,6) (S 6,6,6) (S 14,14,14) (S 88,41,23) (D 0,1,1)
0 1 3 75 74 9 (D 0,1,1) (S 10,10,10) (S 13,13,13) (S 110,13,32) (S 31,32,31) (S 11,11,11) (S 15,15,15) (S 17,17,17) (D 0,1,1)
0 1 4 75 66 14 (D 0,1,1) (S 102,48,10) (S 32,10,32) (S 70,13,33) (S 71,33,27) (S 26,27,26) (S 35,33,18) (S 18,18,18) (S 21,21,21) (S 34,21,19) (S 19,19,19) (S 87,19,33) (S 80,33,16) (D 0,1,1)
0 1 5 75 92 15 (D 0,1,1) (S 90,24,38) (S 40,38,39) (S 60,39,37) (S 39,37,36) (S 78,36,14) (S 67,14,37) (S 82,37,14) (S 23,23,23) (S 45,41,25) (S 103,25,46) (S 86,46,14) (S 106,46,25) (S 62,45,47) (D 0,1,1)
0 1 6 75 104 12 (D 0,1,1) (S 118,48,10) (S 27,9,11) (S 75,11,44) (S 51,44,15) (S 37,15,35) (S 59,35,25) (S 25,25,14) (S 99,37,30) (S 30,30,17) (S 20,20,20) (D 0,1,1)
0 1 7 75 111 17 (D 0,1,1) (S 112,29,46) (S 44,25,17) (S 50,17,43) (S 84,43,23) (S 109,23,41) (S 53,41,45) (S 69,45,47) (S 72,45,50) (S 68,50,21) (S 61,21,49) (S 96,49,21) (S 77,18,16) (S 16,16,16) (S 56,16,12) (S 113,50,22) (D 0,1,1)
0 1 8 74 125 16 (D 0,1,1) (S 49,42,15) (S 54,44,29) (S 36,9,34) (S 111,34,4) (S 95,4,3) (S 114,3,8) (S 52,3,39) (S 73,39,6) (S 57,6,7) (S 105,12,16) (S 76,18,42) (S 48,42,35) (S 104,35,45) (S 66,45,28) (D 0,1,1)
0 1 9 75 133 17 (D 0,1,1) (S 116,18,19) (S 93,19,27) (S 101,27,19) (S 81,19,49) (S 115,49,40) (S 42,40,22) (S 22,22,22) (S 28,22,28) (S 55,28,40) (S 74,40,49) (S 91,50,42) (S 107,42,50) (S 89,47,28) (S 94,28,45) (S 97,47,28) (D 0,1,1)
0 1 10 30 97 11 (D 0,1,1) (S 117,5,32) (S 64,32,5) (S 63,5,34) (S 119,34,5) (S 79,12,13) (S 92,33,16) (S 108,21,40) (S 58,8,4) (S 85,4,8) (D 0,1,1)
