737
9
777800
21296
0 1 1 75 28 10 (D 0,1,1) (S 2,2,2) (S 7,7,7) (S 6,6,6) (S 5,5,5) (S 11,11,11) (S 8,8,8) (S 9,9,9) (S 46,8,11) (D 0,1,1)
0 1 2 75 41 7 (D 0,1,1) (S 1,1,1) (S 18,18,18) (S 17,17,17) (S 23,23,23) (S 82,18,36) (D 0,1,1)
0 1 3 75 55 10 (D 0,1,1) (S 12,12,12) (S 15,15,15) (S 16,16,16) (S 21,21,21) (S 25,25,25) (S 20,20,20) (S 19,19,19) (S 52,12,15) (D 0,1,1)
0 1 4 75 83 11 (D 0,1,1) (S 39,7,8) (S 35,11,36) (S 69,36,17) (S 22,22,22) (S 26,26,26) (S 27,27,27) (S 30,30,30) (S 31,31,31) (S 75,31,30) (D 0,1,1)
0 1 5 75 76 10 (D 0,1,1) (S 44,5,10) (S 10,10,10) (S 56,10,36) (S 24,24,24) (S 61,21,41) (S 64,41,34) (S 33,34,33) (S 54,16,13) (D 0,1,1)
0 1 6 75 48 13 (D 0,1,1) (S 65,2,3) (S 3,3,3) (S 40,3,35) (S 34,35,4) (S 4,4,4) (S 57,4,40) (S 14,14,14) (S 13,13,13) (S 37,9,12) (S 43,12,11) (S 36,7,2) (D 0,1,1)
0 1 7 75 161 15 (D 0,1,1) (S 38,7,6) (S 45,6,5) (S 48,5,37) (S 70,1,6) (S 42,16,33) (S 71,34,41) (S 74,21,20) (S 73,20,19) (S 78,36,10) (S 77,22,26) (S 55,26,39) (S 79,39,26) (S 58,31,32) (D 0,1,1)
0 1 8 75 147 18 (D 0,1,1) (S 83,2,1) (S 68,9,40) (S 63,40,9) (S 66,8,11) (S 47,11,12) (S 50,15,20) (S 81,20,15) (S 49,21,38) (S 53,38,28) (S 28,28,28) (S 32,32,32) (S 41,31,27) (S 67,27,28) (S 80,27,25) (S 60,25,27) (S 72,27,39) (D 0,1,1)
0 1 9 27 98 7 (D 0,1,1) (S 51,39,30) (S 62,30,39) (S 59,26,29) (S 29,29,29) (S 76,31,32) (D 0,1,1)
