42621
77
15134100
415841
0 1 1 119 186 9 (D 0,1,1) (S 2,2,2) (S 28,28,28) (S 165,28,108) (S 162,108,107) (S 160,107,100) (S 151,100,99) (S 149,99,76) (D 0,1,1)
0 1 2 118 206 7 (D 0,1,1) (S 166,2,28) (S 355,28,108) (S 163,108,109) (S 164,109,97) (S 26,26,26) (D 0,1,1)
0 1 3 118 196 9 (D 0,1,1) (S 167,2,110) (S 168,110,111) (S 23,23,23) (S 174,23,113) (S 172,113,111) (S 169,111,112) (S 175,111,23) (D 0,1,1)
0 1 4 120 205 8 (D 0,1,1) (S 356,2,28) (S 357,2,110) (S 170,110,112) (S 359,112,111) (S 358,111,110) (S 362,111,113) (D 0,1,1)
0 1 5 118 278 6 (D 0,1,1) (S 360,110,112) (S 177,115,109) (S 354,109,97) (S 143,97,26) (D 0,1,1)
0 1 6 119 312 4 (D 0,1,1) (S 171,112,7) (S 7,7,7) (D 0,1,1)
0 1 7 120 361 5 (D 0,1,1) (S 361,112,7) (S 365,111,23) (S 176,23,115) (D 0,1,1)
0 1 8 120 295 8 (D 0,1,1) (S 353,108,109) (S 367,109,115) (S 178,115,116) (S 368,116,115) (S 366,115,23) (S 350,107,100) (D 0,1,1)
0 1 9 117 263 8 (D 0,1,1) (S 152,100,101) (S 153,101,102) (S 154,102,103) (S 155,103,104) (S 345,104,103) (S 157,103,105) (D 0,1,1)
0 1 10 117 213 7 (D 0,1,1) (S 342,100,101) (S 343,101,102) (S 156,102,105) (S 158,105,106) (S 159,106,100) (D 0,1,1)
0 1 11 118 356 5 (D 0,1,1) (S 145,78,97) (S 189,97,122) (S 5,5,5) (D 0,1,1)
0 1 12 120 415 8 (D 0,1,1) (S 335,78,97) (S 333,97,26) (S 142,26,95) (S 141,95,96) (S 146,96,98) (S 192,5,125) (D 0,1,1)
0 1 13 119 445 6 (D 0,1,1) (S 10,10,10) (S 130,10,90) (S 128,90,89) (S 85,6,58) (D 0,1,1)
0 1 14 117 316 5 (D 0,1,1) (S 188,116,122) (S 185,122,120) (S 180,118,117) (D 0,1,1)
0 1 15 120 534 8 (D 0,1,1) (S 378,116,122) (S 190,122,125) (S 15,15,15) (S 139,15,19) (S 329,19,15) (S 208,137,8) (D 0,1,1)
0 1 16 117 384 8 (D 0,1,1) (S 144,26,80) (S 112,80,79) (S 17,17,17) (S 113,17,79) (S 302,79,80) (S 118,83,84) (D 0,1,1)
0 1 17 117 284 5 (D 0,1,1) (S 334,26,80) (S 111,79,78) (S 352,107,108) (D 0,1,1)
0 1 18 118 285 8 (D 0,1,1) (S 161,107,78) (S 110,78,75) (S 25,25,25) (S 106,25,75) (S 105,75,71) (S 98,71,72) (D 0,1,1)
0 1 19 118 271 8 (D 0,1,1) (S 351,107,78) (S 300,78,75) (S 295,75,71) (S 288,71,72) (S 220,72,81) (S 114,81,17) (D 0,1,1)
0 1 20 120 402 8 (D 0,1,1) (S 348,106,105) (S 346,105,102) (S 344,102,103) (S 347,103,105) (S 349,106,100) (S 116,17,82) (D 0,1,1)
0 1 21 119 419 8 (D 0,1,1) (S 179,116,117) (S 183,117,120) (S 182,120,118) (S 181,118,119) (S 371,119,118) (S 382,125,5) (D 0,1,1)
0 1 22 117 297 8 (D 0,1,1) (S 369,116,117) (S 370,117,118) (S 372,118,120) (S 184,120,121) (S 374,121,120) (S 373,120,117) (D 0,1,1)
0 1 23 117 592 5 (D 0,1,1) (S 76,56,55) (S 74,55,54) (S 72,53,52) (D 0,1,1)
0 1 24 119 579 6 (D 0,1,1) (S 266,56,55) (S 75,55,52) (S 262,52,53) (S 68,22,18) (D 0,1,1)
0 1 25 119 369 10 (D 0,1,1) (S 301,78,79) (S 303,79,17) (S 304,17,81) (S 115,81,82) (S 117,82,83) (S 119,83,85) (S 120,85,84) (S 121,84,59) (D 0,1,1)
0 1 26 117 420 8 (D 0,1,1) (S 97,71,70) (S 96,70,69) (S 95,69,68) (S 218,68,67) (S 93,67,66) (S 92,66,65) (D 0,1,1)
0 1 27 119 330 8 (D 0,1,1) (S 287,71,70) (S 109,70,77) (S 108,77,76) (S 107,76,25) (S 296,25,75) (S 297,25,76) (D 0,1,1)
0 1 28 119 443 9 (D 0,1,1) (S 339,99,76) (S 298,76,77) (S 299,77,70) (S 286,70,69) (S 217,69,67) (S 94,67,62) (S 82,60,49) (D 0,1,1)
0 1 29 118 481 9 (D 0,1,1) (S 6,6,6) (S 84,6,56) (S 83,56,57) (S 77,57,51) (S 18,18,18) (S 258,18,22) (S 274,56,6) (D 0,1,1)
0 1 30 120 479 7 (D 0,1,1) (S 150,99,25) (S 340,25,99) (S 341,99,100) (S 99,72,29) (S 104,74,62) (D 0,1,1)
0 1 31 117 412 5 (D 0,1,1) (S 375,120,122) (S 379,122,97) (S 140,95,19) (D 0,1,1)
0 1 32 119 649 5 (D 0,1,1) (S 198,127,129) (S 215,136,140) (S 214,140,30) (D 0,1,1)
0 1 33 119 649 5 (D 0,1,1) (S 388,127,129) (S 405,136,140) (S 404,140,30) (D 0,1,1)
0 1 34 120 490 7 (D 0,1,1) (S 122,82,86) (S 123,86,87) (S 124,87,85) (S 310,85,84) (S 275,6,58) (D 0,1,1)
0 1 35 119 436 8 (D 0,1,1) (S 312,82,86) (S 313,86,87) (S 125,87,88) (S 126,88,6) (S 78,58,57) (S 268,57,58) (D 0,1,1)
0 1 36 119 429 9 (D 0,1,1) (S 289,72,29) (S 29,29,29) (S 100,29,73) (S 101,73,60) (S 81,60,59) (S 271,59,60) (S 272,60,49) (D 0,1,1)
0 1 37 117 526 6 (D 0,1,1) (S 67,49,18) (S 22,22,22) (S 70,22,51) (S 69,51,18) (D 0,1,1)
0 1 38 118 517 7 (D 0,1,1) (S 257,49,18) (S 259,18,51) (S 79,51,58) (S 269,58,51) (S 315,88,87) (D 0,1,1)
0 1 39 119 422 8 (D 0,1,1) (S 330,95,19) (S 19,19,19) (S 24,24,24) (S 137,24,94) (S 135,94,92) (S 306,82,17) (D 0,1,1)
0 1 40 117 575 6 (D 0,1,1) (S 87,61,50) (S 66,50,49) (S 291,60,73) (S 273,57,56) (D 0,1,1)
0 1 41 117 638 7 (D 0,1,1) (S 277,61,50) (S 86,50,48) (S 21,21,21) (S 37,21,35) (S 43,36,38) (D 0,1,1)
0 1 42 119 624 11 (D 0,1,1) (S 364,113,23) (S 173,113,114) (S 363,114,113) (S 186,120,123) (S 187,123,124) (S 191,124,125) (S 380,125,122) (S 381,125,124) (S 207,136,137) (D 0,1,1)
0 1 43 116 455 6 (D 0,1,1) (S 311,84,59) (S 80,59,58) (S 270,58,59) (S 290,73,29) (D 0,1,1)
0 1 44 119 624 6 (D 0,1,1) (S 256,49,50) (S 276,50,48) (S 64,48,45) (S 59,45,13) (D 0,1,1)
0 1 45 120 596 10 (D 0,1,1) (S 148,98,94) (S 136,94,93) (S 133,93,92) (S 132,92,91) (S 129,91,90) (S 318,90,89) (S 127,89,88) (S 89,61,63) (D 0,1,1)
0 1 46 119 462 9 (D 0,1,1) (S 338,98,94) (S 325,94,92) (S 147,92,98) (S 336,98,96) (S 331,96,95) (S 332,95,26) (S 193,15,5) (D 0,1,1)
0 1 47 119 650 8 (D 0,1,1) (S 254,48,45) (S 16,16,16) (S 13,13,13) (S 1,1,1) (S 58,1,13) (S 60,13,16) (D 0,1,1)
0 1 48 120 452 9 (D 0,1,1) (S 196,124,126) (S 194,126,5) (S 383,5,15) (S 138,19,24) (S 327,24,94) (S 326,94,93) (S 323,93,92) (D 0,1,1)
0 1 49 120 541 8 (D 0,1,1) (S 386,124,126) (S 195,126,127) (S 199,127,130) (S 200,130,131) (S 201,131,132) (S 204,131,134) (D 0,1,1)
0 1 50 120 800 9 (D 0,1,1) (S 314,85,87) (S 316,88,6) (S 267,57,51) (S 260,51,22) (S 71,22,52) (S 265,52,55) (S 249,45,13) (D 0,1,1)
0 1 51 120 539 8 (D 0,1,1) (S 197,126,128) (S 216,128,140) (S 30,30,30) (S 212,30,138) (S 12,12,12) (S 397,137,136) (D 0,1,1)
0 1 52 116 536 7 (D 0,1,1) (S 387,126,128) (S 406,128,140) (S 402,30,138) (S 8,8,8) (S 209,8,138) (D 0,1,1)
0 1 53 120 496 7 (D 0,1,1) (S 102,73,74) (S 103,74,29) (S 293,29,74) (S 294,74,62) (S 88,62,61) (D 0,1,1)
0 1 54 119 510 8 (D 0,1,1) (S 292,73,74) (S 284,62,67) (S 283,67,66) (S 282,66,65) (S 91,65,64) (S 281,64,65) (D 0,1,1)
0 1 55 120 594 8 (D 0,1,1) (S 376,120,123) (S 377,123,124) (S 385,126,127) (S 389,127,130) (S 205,130,135) (S 398,137,8) (D 0,1,1)
0 1 56 117 447 10 (D 0,1,1) (S 337,98,92) (S 322,92,91) (S 131,91,10) (S 134,10,93) (S 324,93,10) (S 320,10,90) (S 319,90,91) (S 321,91,10) (D 0,1,1)
0 1 57 120 784 8 (D 0,1,1) (S 3,3,3) (S 54,3,43) (S 52,43,41) (S 50,41,9) (S 240,9,41) (S 250,13,16) (D 0,1,1)
0 1 58 117 760 5 (D 0,1,1) (S 219,21,1) (S 57,1,3) (S 55,3,44) (D 0,1,1)
0 1 59 120 775 7 (D 0,1,1) (S 409,21,1) (S 247,1,3) (S 244,3,43) (S 242,43,41) (S 45,38,39) (D 0,1,1)
0 1 60 119 791 7 (D 0,1,1) (S 36,21,33) (S 20,20,20) (S 31,20,31) (S 221,31,20) (S 41,37,27) (D 0,1,1)
0 1 61 118 781 8 (D 0,1,1) (S 226,21,33) (S 33,33,20) (S 32,20,32) (S 222,32,20) (S 223,20,33) (S 231,37,27) (D 0,1,1)
0 1 62 116 830 6 (D 0,1,1) (S 49,41,11) (S 11,11,11) (S 9,9,9) (S 38,35,36) (D 0,1,1)
0 1 63 119 847 5 (D 0,1,1) (S 239,41,11) (S 51,11,42) (S 248,13,1) (D 0,1,1)
0 1 64 119 1074 8 (D 0,1,1) (S 395,130,135) (S 206,130,136) (S 396,136,130) (S 390,130,131) (S 394,131,134) (S 233,36,38) (D 0,1,1)
0 1 65 120 588 6 (D 0,1,1) (S 202,132,133) (S 392,133,132) (S 203,132,134) (S 384,126,5) (D 0,1,1)
0 1 66 120 851 7 (D 0,1,1) (S 53,43,42) (S 56,42,44) (S 62,44,46) (S 252,46,44) (S 246,44,42) (D 0,1,1)
0 1 67 119 900 5 (D 0,1,1) (S 243,43,42) (S 241,42,11) (S 235,38,39) (D 0,1,1)
0 1 68 120 498 9 (D 0,1,1) (S 90,63,64) (S 280,64,63) (S 279,63,61) (S 278,61,62) (S 408,67,68) (S 285,68,69) (S 407,69,67) (D 0,1,1)
0 1 69 116 950 9 (D 0,1,1) (S 308,83,84) (S 309,85,83) (S 307,83,82) (S 305,82,81) (S 410,81,72) (S 245,3,44) (S 46,39,40) (D 0,1,1)
0 1 70 117 1177 8 (D 0,1,1) (S 328,19,24) (S 213,30,139) (S 403,139,30) (S 210,8,12) (S 211,12,138) (S 236,39,40) (D 0,1,1)
0 1 71 120 1124 6 (D 0,1,1) (S 61,16,46) (S 251,46,16) (S 63,16,47) (S 399,8,138) (D 0,1,1)
0 1 72 112 755 7 (D 0,1,1) (S 34,33,34) (S 14,14,14) (S 27,27,27) (S 44,27,36) (S 39,36,4) (D 0,1,1)
0 1 73 115 754 8 (D 0,1,1) (S 224,33,34) (S 35,34,14) (S 40,14,37) (S 42,37,38) (S 4,4,4) (S 228,36,35) (D 0,1,1)
0 1 74 117 670 6 (D 0,1,1) (S 48,35,41) (S 238,41,35) (S 227,35,21) (S 65,21,48) (D 0,1,1)
0 1 75 112 894 8 (D 0,1,1) (S 261,22,52) (S 73,53,54) (S 263,54,53) (S 264,55,54) (S 317,88,89) (S 255,48,21) (D 0,1,1)
0 1 76 119 1286 8 (D 0,1,1) (S 391,131,132) (S 393,132,134) (S 400,8,12) (S 401,12,138) (S 253,16,47) (S 232,38,37) (D 0,1,1)
0 1 77 111 847 8 (D 0,1,1) (S 47,40,14) (S 225,14,34) (S 237,14,40) (S 229,36,4) (S 234,36,27) (S 230,37,14) (D 0,1,1)
