168
7
642000
8828
0 1 1 20 6 7 (D 0,1,1) (S 2,2,2) (S 1,1,1) (S 17,1,17) (S 25,17,22) (S 37,22,2) (D 0,1,1)
0 1 2 20 19 8 (D 0,1,1) (S 3,3,3) (S 4,4,4) (S 8,8,8) (S 9,9,9) (S 26,8,4) (S 32,4,8) (D 0,1,1)
0 1 3 20 25 7 (D 0,1,1) (S 7,7,7) (S 13,13,13) (S 35,13,16) (S 16,16,16) (S 10,10,10) (D 0,1,1)
0 1 4 20 31 7 (D 0,1,1) (S 33,3,4) (S 6,6,6) (S 5,5,5) (S 34,5,6) (S 12,12,12) (D 0,1,1)
0 1 5 20 20 7 (D 0,1,1) (S 20,19,18) (S 18,18,10) (S 11,11,11) (S 15,15,15) (S 14,14,14) (D 0,1,1)
0 1 6 20 26 8 (D 0,1,1) (S 19,3,18) (S 23,10,15) (S 21,15,20) (S 31,20,24) (S 38,24,14) (S 27,10,11) (D 0,1,1)
0 1 7 17 41 8 (D 0,1,1) (S 22,19,14) (S 24,21,12) (S 30,12,23) (S 36,9,21) (S 28,9,8) (S 29,8,18) (D 0,1,1)
