635
8
695600
15412
0 1 1 40 57 9 (D 0,1,1) (S 2,2,2) (S 19,2,18) (S 1,1,1) (S 13,1,13) (S 30,13,2) (S 36,2,17) (S 39,12,19) (D 0,1,1)
0 1 2 40 69 7 (D 0,1,1) (S 3,3,3) (S 7,7,7) (S 20,7,19) (S 12,12,12) (S 37,10,16) (D 0,1,1)
0 1 3 40 50 7 (D 0,1,1) (S 17,17,6) (S 6,6,6) (S 11,11,11) (S 15,11,12) (S 41,11,23) (D 0,1,1)
0 1 4 40 65 7 (D 0,1,1) (S 18,18,3) (S 9,9,9) (S 33,9,8) (S 8,8,8) (S 27,22,14) (D 0,1,1)
0 1 5 40 53 7 (D 0,1,1) (S 22,20,11) (S 43,11,23) (S 23,23,21) (S 21,21,20) (S 40,20,17) (D 0,1,1)
0 1 6 40 115 8 (D 0,1,1) (S 42,17,20) (S 38,21,23) (S 24,23,24) (S 26,24,23) (S 34,7,8) (S 5,5,5) (D 0,1,1)
0 1 7 39 85 9 (D 0,1,1) (S 14,14,10) (S 10,10,10) (S 16,16,15) (S 25,15,5) (S 4,4,4) (S 31,16,22) (S 45,22,14) (D 0,1,1)
0 1 8 31 141 7 (D 0,1,1) (S 28,8,4) (S 32,7,6) (S 35,3,7) (S 44,19,9) (S 29,12,24) (D 0,1,1)
