740
9
643700
20558
0 1 1 65 40 8 (D 0,1,1) (S 2,2,2) (S 4,4,4) (S 3,3,3) (S 24,24,25) (S 43,25,1) (S 61,4,2) (D 0,1,1)
0 1 2 65 47 6 (D 0,1,1) (S 27,2,26) (S 8,8,8) (S 9,9,9) (S 10,10,10) (D 0,1,1)
0 1 3 65 57 7 (D 0,1,1) (S 6,6,6) (S 11,11,11) (S 55,11,13) (S 13,13,13) (S 16,16,16) (D 0,1,1)
0 1 4 65 60 8 (D 0,1,1) (S 34,5,6) (S 7,7,7) (S 1,1,1) (S 56,1,25) (S 30,24,5) (S 39,5,30) (D 0,1,1)
0 1 5 64 77 9 (D 0,1,1) (S 54,26,8) (S 18,18,18) (S 14,14,14) (S 20,20,20) (S 31,20,14) (S 15,15,15) (S 48,27,22) (D 0,1,1)
0 1 6 63 74 9 (D 0,1,1) (S 49,4,26) (S 57,26,4) (S 5,5,5) (S 19,19,19) (S 22,22,22) (S 21,21,21) (S 62,21,27) (D 0,1,1)
0 1 7 63 92 9 (D 0,1,1) (S 52,30,12) (S 12,12,12) (S 33,12,13) (S 35,28,11) (S 25,11,7) (S 26,12,23) (S 42,23,8) (D 0,1,1)
0 1 8 65 120 12 (D 0,1,1) (S 23,23,15) (S 36,15,29) (S 37,18,15) (S 29,16,27) (S 17,17,17) (S 59,17,16) (S 28,16,12) (S 47,16,15) (S 41,15,21) (S 45,8,9) (D 0,1,1)
0 1 9 51 173 13 (D 0,1,1) (S 53,5,30) (S 38,30,23) (S 63,23,9) (S 46,9,8) (S 50,23,30) (S 51,6,25) (S 40,21,29) (S 44,29,21) (S 60,21,15) (S 58,15,14) (S 32,22,19) (D 0,1,1)
