557
9
1528700
23721
0 1 1 65 26 8 (D 0,1,1) (S 2,2,2) (S 11,11,11) (S 13,13,13) (S 28,13,28) (S 4,4,4) (S 5,5,5) (D 0,1,1)
0 1 2 65 42 9 (D 0,1,1) (S 3,3,3) (S 67,3,39) (S 26,26,26) (S 32,26,32) (S 20,20,20) (S 47,20,32) (S 42,37,36) (D 0,1,1)
0 1 3 64 32 7 (D 0,1,1) (S 10,10,10) (S 1,1,1) (S 30,1,23) (S 23,23,23) (S 37,23,22) (D 0,1,1)
0 1 4 64 50 9 (D 0,1,1) (S 24,24,24) (S 63,24,37) (S 51,37,20) (S 58,20,24) (S 6,6,6) (S 7,7,7) (S 8,8,8) (D 0,1,1)
0 1 5 65 55 9 (D 0,1,1) (S 17,17,17) (S 21,21,21) (S 40,21,35) (S 39,35,18) (S 18,18,18) (S 19,19,19) (S 49,35,22) (D 0,1,1)
0 1 6 65 60 13 (D 0,1,1) (S 76,11,38) (S 61,38,14) (S 14,14,14) (S 16,16,16) (S 38,34,33) (S 34,33,15) (S 15,15,15) (S 54,15,40) (S 74,40,14) (S 22,22,22) (S 27,27,27) (D 0,1,1)
0 1 7 65 60 13 (D 0,1,1) (S 36,5,11) (S 64,11,13) (S 35,29,22) (S 29,29,4) (S 33,9,12) (S 12,12,12) (S 9,9,9) (S 71,9,29) (S 68,29,27) (S 56,29,1) (S 66,2,3) (D 0,1,1)
0 1 8 64 107 12 (D 0,1,1) (S 41,23,36) (S 62,31,7) (S 53,7,8) (S 59,7,6) (S 44,6,27) (S 46,21,17) (S 65,17,21) (S 31,31,30) (S 48,31,12) (S 57,12,31) (D 0,1,1)
0 1 9 42 125 14 (D 0,1,1) (S 52,2,24) (S 25,25,25) (S 73,25,24) (S 70,24,2) (S 45,25,26) (S 43,26,39) (S 72,39,26) (S 55,22,19) (S 75,9,10) (S 50,10,9) (S 60,40,34) (S 69,34,40) (D 0,1,1)
