535
7
420700
3849
0 1 1 41 18 6 (D 0,1,1) (S 2,2,2) (S 5,5,5) (S 13,5,2) (S 16,2,9) (D 0,1,1)
0 1 2 41 54 6 (D 0,1,1) (S 1,1,1) (S 23,1,3) (S 6,6,6) (S 8,5,7) (D 0,1,1)
0 1 3 41 25 5 (D 0,1,1) (S 3,3,3) (S 4,4,4) (S 17,4,9) (D 0,1,1)
0 1 4 38 63 5 (D 0,1,1) (S 7,7,7) (S 21,9,6) (S 11,6,8) (D 0,1,1)
0 1 5 40 64 5 (D 0,1,1) (S 15,6,10) (S 12,9,3) (S 10,1,8) (D 0,1,1)
0 1 6 36 179 7 (D 0,1,1) (S 22,9,8) (S 19,8,7) (S 14,7,10) (S 9,3,2) (S 20,4,6) (D 0,1,1)
0 1 7 8 132 3 (D 0,1,1) (S 18,10,8) (D 0,1,1)
