849
9
1671700
40651
0 1 1 75 40 11 (D 0,1,1) (S 2,2,2) (S 3,3,3) (S 6,6,6) (S 61,6,12) (S 12,12,12) (S 13,13,13) (S 73,13,6) (S 4,4,4) (S 37,9,11) (D 0,1,1)
0 1 2 75 70 10 (D 0,1,1) (S 29,7,27) (S 28,27,21) (S 93,21,31) (S 34,31,15) (S 15,15,15) (S 91,15,40) (S 54,40,26) (S 58,26,40) (D 0,1,1)
0 1 3 75 66 14 (D 0,1,1) (S 63,33,35) (S 43,35,6) (S 7,7,7) (S 50,7,30) (S 44,30,23) (S 25,23,24) (S 30,24,28) (S 5,5,5) (S 46,5,28) (S 35,24,4) (S 23,4,9) (S 42,10,8) (D 0,1,1)
0 1 4 75 56 11 (D 0,1,1) (S 95,2,23) (S 32,30,4) (S 9,9,9) (S 11,11,11) (S 24,11,22) (S 27,22,26) (S 36,26,32) (S 33,9,8) (S 57,8,10) (D 0,1,1)
0 1 5 75 93 13 (D 0,1,1) (S 1,1,1) (S 52,1,36) (S 89,36,33) (S 45,33,36) (S 79,1,25) (S 26,25,3) (S 20,3,2) (S 86,2,23) (S 21,13,20) (S 22,20,21) (S 14,14,14) (D 0,1,1)
0 1 6 75 117 13 (D 0,1,1) (S 80,1,25) (S 65,25,33) (S 38,33,25) (S 71,6,35) (S 75,35,12) (S 66,12,38) (S 70,38,12) (S 88,12,13) (S 18,18,18) (S 16,16,16) (S 82,29,18) (D 0,1,1)
0 1 7 75 132 18 (D 0,1,1) (S 40,15,14) (S 90,14,31) (S 81,31,14) (S 55,14,27) (S 84,27,14) (S 56,14,10) (S 10,10,10) (S 8,8,8) (S 77,10,11) (S 60,11,9) (S 62,11,15) (S 68,15,41) (S 64,41,15) (S 92,31,16) (S 31,16,29) (S 74,7,30) (D 0,1,1)
0 1 8 73 163 17 (D 0,1,1) (S 87,4,5) (S 17,17,17) (S 72,17,19) (S 19,19,19) (S 78,19,17) (S 96,16,34) (S 51,34,21) (S 39,34,18) (S 67,18,39) (S 49,39,37) (S 47,37,34) (S 53,34,37) (S 94,37,39) (S 83,39,18) (S 41,29,19) (D 0,1,1)
0 1 9 29 112 7 (D 0,1,1) (S 85,38,37) (S 59,37,38) (S 48,38,20) (S 69,20,38) (S 76,31,16) (D 0,1,1)
