628
7
724400
13950
0 1 1 41 60 7 (D 0,1,1) (S 2,2,2) (S 5,5,5) (S 24,5,2) (S 13,1,3) (S 22,2,9) (D 0,1,1)
0 1 2 39 37 5 (D 0,1,1) (S 1,1,1) (S 21,1,2) (S 8,5,8) (D 0,1,1)
0 1 3 40 28 5 (D 0,1,1) (S 3,3,3) (S 23,3,8) (S 20,6,2) (D 0,1,1)
0 1 4 41 49 5 (D 0,1,1) (S 4,4,4) (S 6,6,6) (S 10,4,1) (D 0,1,1)
0 1 5 40 94 6 (D 0,1,1) (S 16,6,10) (S 12,8,7) (S 11,7,4) (S 19,7,10) (D 0,1,1)
0 1 6 41 276 7 (D 0,1,1) (S 15,8,9) (S 17,9,6) (S 14,7,9) (S 9,6,4) (S 18,10,9) (D 0,1,1)
0 1 7 3 84 3 (D 0,1,1) (S 7,6,7) (D 0,1,1)
