404
10
893800
23738
0 1 1 27 16 5 (D 0,1,1) (S 2,2,2) (S 5,5,5) (S 7,7,7) (D 0,1,1)
0 1 2 27 20 5 (D 0,1,1) (S 3,3,3) (S 8,8,8) (S 6,6,6) (D 0,1,1)
0 1 3 27 19 5 (D 0,1,1) (S 4,4,4) (S 18,4,3) (S 1,1,1) (D 0,1,1)
0 1 4 27 31 7 (D 0,1,1) (S 38,2,7) (S 44,27,20) (S 15,15,15) (S 19,15,17) (S 22,17,20) (D 0,1,1)
0 1 5 27 36 6 (D 0,1,1) (S 36,5,24) (S 28,24,4) (S 39,26,18) (S 11,11,11) (D 0,1,1)
0 1 6 27 42 6 (D 0,1,1) (S 31,27,25) (S 37,25,22) (S 12,12,12) (S 16,16,9) (D 0,1,1)
0 1 7 27 47 8 (D 0,1,1) (S 42,2,5) (S 10,10,10) (S 41,10,12) (S 14,14,14) (S 25,14,15) (S 29,25,18) (D 0,1,1)
0 1 8 27 48 6 (D 0,1,1) (S 17,12,14) (S 13,13,13) (S 20,13,10) (S 21,19,18) (D 0,1,1)
0 1 9 27 56 7 (D 0,1,1) (S 43,11,19) (S 45,19,16) (S 27,14,22) (S 26,22,20) (S 24,7,24) (D 0,1,1)
0 1 10 15 89 10 (D 0,1,1) (S 35,7,25) (S 33,27,18) (S 32,18,1) (S 9,9,9) (S 30,3,26) (S 23,19,13) (S 34,10,16) (S 40,11,21) (D 0,1,1)
