679
9
1185400
29831
0 1 1 65 36 7 (D 0,1,1) (S 2,2,2) (S 40,2,27) (S 11,11,11) (S 6,6,6) (S 41,6,11) (D 0,1,1)
0 1 2 65 50 10 (D 0,1,1) (S 47,2,25) (S 4,4,4) (S 32,25,3) (S 3,3,3) (S 60,3,8) (S 8,8,8) (S 12,12,12) (S 51,12,14) (D 0,1,1)
0 1 3 64 44 8 (D 0,1,1) (S 36,27,28) (S 7,7,7) (S 26,7,1) (S 1,1,1) (S 30,6,5) (S 5,5,5) (D 0,1,1)
0 1 4 65 70 10 (D 0,1,1) (S 13,13,13) (S 42,13,10) (S 10,10,10) (S 9,9,9) (S 35,9,10) (S 62,10,26) (S 33,26,11) (S 49,4,25) (D 0,1,1)
0 1 5 64 66 9 (D 0,1,1) (S 29,7,24) (S 37,24,29) (S 58,29,30) (S 64,30,18) (S 18,18,18) (S 22,22,22) (S 17,17,17) (D 0,1,1)
0 1 6 64 85 10 (D 0,1,1) (S 74,4,9) (S 38,8,14) (S 14,14,14) (S 19,19,19) (S 34,19,23) (S 28,23,20) (S 20,20,20) (S 16,16,16) (D 0,1,1)
0 1 7 65 94 11 (D 0,1,1) (S 46,5,26) (S 71,26,13) (S 21,21,21) (S 15,15,15) (S 31,15,20) (S 27,14,19) (S 73,23,15) (S 39,15,12) (S 50,12,8) (D 0,1,1)
0 1 8 65 89 15 (D 0,1,1) (S 48,5,26) (S 23,13,16) (S 24,16,17) (S 59,17,22) (S 65,22,17) (S 25,22,18) (S 75,30,16) (S 45,16,21) (S 44,21,16) (S 61,29,11) (S 67,11,6) (S 69,6,7) (S 52,6,28) (D 0,1,1)
0 1 9 49 145 13 (D 0,1,1) (S 56,5,10) (S 68,10,5) (S 43,10,12) (S 57,12,8) (S 53,12,9) (S 55,15,21) (S 63,21,15) (S 70,15,14) (S 54,6,28) (S 72,28,1) (S 66,4,25) (D 0,1,1)
