708
9
1455700
23424
0 1 1 65 32 5 (D 0,1,1) (S 2,2,2) (S 5,5,5) (S 6,6,6) (D 0,1,1)
0 1 2 65 62 7 (D 0,1,1) (S 4,4,4) (S 11,11,11) (S 14,14,14) (S 18,18,18) (S 48,14,28) (D 0,1,1)
0 1 3 64 58 8 (D 0,1,1) (S 59,2,4) (S 42,4,8) (S 8,8,8) (S 7,7,7) (S 13,13,13) (S 23,22,18) (D 0,1,1)
0 1 4 65 54 8 (D 0,1,1) (S 3,3,3) (S 29,3,5) (S 9,9,9) (S 10,10,10) (S 54,10,12) (S 12,12,12) (D 0,1,1)
0 1 5 65 77 11 (D 0,1,1) (S 25,4,5) (S 41,30,27) (S 31,27,12) (S 57,12,17) (S 17,17,17) (S 20,20,20) (S 16,16,16) (S 63,16,20) (S 53,28,19) (D 0,1,1)
0 1 6 65 98 9 (D 0,1,1) (S 58,29,7) (S 40,7,11) (S 60,11,7) (S 15,15,15) (S 19,19,19) (S 49,19,16) (S 1,1,1) (D 0,1,1)
0 1 7 65 74 10 (D 0,1,1) (S 22,21,1) (S 27,24,25) (S 51,25,6) (S 55,6,25) (S 32,25,10) (S 30,10,26) (S 28,26,25) (S 64,6,10) (D 0,1,1)
0 1 8 63 106 12 (D 0,1,1) (S 43,4,29) (S 26,22,23) (S 24,23,18) (S 38,19,20) (S 33,16,28) (S 34,28,27) (S 39,27,9) (S 35,9,10) (S 47,6,1) (S 50,1,24) (D 0,1,1)
0 1 9 49 147 13 (D 0,1,1) (S 44,5,9) (S 45,9,27) (S 37,28,19) (S 61,19,14) (S 21,20,17) (S 36,30,5) (S 46,5,30) (S 52,30,11) (S 62,7,8) (S 56,8,7) (S 65,6,1) (D 0,1,1)
